5
demo3.bmp
320
-0.00000 -2.00000 0.00000
-0.00000 -2.00000 4.00000
-0.78036 -2.00000 3.92314
-0.00000 -1.80000 0.00000
-0.78037 -1.80000 3.92314
-0.00001 -1.80000 4.00000
-0.00000 -2.00000 0.00000
-0.78036 -2.00000 3.92314
-1.53073 -2.00000 3.69552
-0.00000 -1.80000 0.00000
-1.53074 -1.80000 3.69552
-0.78037 -1.80000 3.92314
-0.00000 -2.00000 0.00000
-1.53073 -2.00000 3.69552
-2.22228 -2.00000 3.32588
-0.00000 -1.80000 0.00000
-2.22229 -1.80000 3.32587
-1.53074 -1.80000 3.69552
-0.00000 -2.00000 0.00000
-2.22228 -2.00000 3.32588
-2.82843 -2.00000 2.82843
-0.00000 -1.80000 0.00000
-2.82843 -1.80000 2.82842
-2.22229 -1.80000 3.32587
-0.00000 -2.00000 0.00000
-2.82843 -2.00000 2.82843
-3.32588 -2.00000 2.22228
-0.00000 -1.80000 0.00000
-3.32588 -1.80000 2.22227
-2.82843 -1.80000 2.82842
-0.00000 -2.00000 0.00000
-3.32588 -2.00000 2.22228
-3.69552 -2.00000 1.53073
-0.00000 -1.80000 0.00000
-3.69552 -1.80000 1.53073
-3.32588 -1.80000 2.22227
-0.00000 -2.00000 0.00000
-3.69552 -2.00000 1.53073
-3.92314 -2.00000 0.78036
-0.00000 -1.80000 0.00000
-3.92314 -1.80000 0.78035
-3.69552 -1.80000 1.53073
-0.00000 -2.00000 0.00000
-3.92314 -2.00000 0.78036
-4.00000 -2.00000 0.00000
-0.00000 -1.80000 0.00000
-4.00000 -1.80000 -0.00001
-3.92314 -1.80000 0.78035
-0.00000 -2.00000 0.00000
-4.00000 -2.00000 0.00000
-3.92314 -2.00000 -0.78036
-0.00000 -1.80000 0.00000
-3.92314 -1.80000 -0.78037
-4.00000 -1.80000 -0.00001
-0.00000 -2.00000 0.00000
-3.92314 -2.00000 -0.78036
-3.69552 -2.00000 -1.53073
-0.00000 -1.80000 0.00000
-3.69552 -1.80000 -1.53074
-3.92314 -1.80000 -0.78037
-0.00000 -2.00000 0.00000
-3.69552 -2.00000 -1.53073
-3.32588 -2.00000 -2.22228
-0.00000 -1.80000 0.00000
-3.32588 -1.80000 -2.22228
-3.69552 -1.80000 -1.53074
-0.00000 -2.00000 0.00000
-3.32588 -2.00000 -2.22228
-2.82843 -2.00000 -2.82843
-0.00000 -1.80000 0.00000
-2.82843 -1.80000 -2.82843
-3.32588 -1.80000 -2.22228
-0.00000 -2.00000 0.00000
-2.82843 -2.00000 -2.82843
-2.22228 -2.00000 -3.32588
-0.00000 -1.80000 0.00000
-2.22228 -1.80000 -3.32588
-2.82843 -1.80000 -2.82843
-0.00000 -2.00000 0.00000
-2.22228 -2.00000 -3.32588
-1.53073 -2.00000 -3.69552
-0.00000 -1.80000 0.00000
-1.53073 -1.80000 -3.69552
-2.22228 -1.80000 -3.32588
-0.00000 -2.00000 0.00000
-1.53073 -2.00000 -3.69552
-0.78036 -2.00000 -3.92314
-0.00000 -1.80000 0.00000
-0.78036 -1.80000 -3.92314
-1.53073 -1.80000 -3.69552
-0.00000 -2.00000 0.00000
-0.78036 -2.00000 -3.92314
0.00000 -2.00000 -4.00000
-0.00000 -1.80000 0.00000
-0.00000 -1.80000 -4.00000
-0.78036 -1.80000 -3.92314
-0.00000 -2.00000 0.00000
0.00000 -2.00000 -4.00000
0.78036 -2.00000 -3.92314
-0.00000 -1.80000 0.00000
0.78036 -1.80000 -3.92314
-0.00000 -1.80000 -4.00000
-0.00000 -2.00000 0.00000
0.78036 -2.00000 -3.92314
1.53074 -2.00000 -3.69552
-0.00000 -1.80000 0.00000
1.53073 -1.80000 -3.69552
0.78036 -1.80000 -3.92314
-0.00000 -2.00000 0.00000
1.53074 -2.00000 -3.69552
2.22228 -2.00000 -3.32588
-0.00000 -1.80000 0.00000
2.22227 -1.80000 -3.32588
1.53073 -1.80000 -3.69552
-0.00000 -2.00000 0.00000
2.22228 -2.00000 -3.32588
2.82843 -2.00000 -2.82843
-0.00000 -1.80000 0.00000
2.82842 -1.80000 -2.82843
2.22227 -1.80000 -3.32588
-0.00000 -2.00000 0.00000
2.82843 -2.00000 -2.82843
3.32588 -2.00000 -2.22228
-0.00000 -1.80000 0.00000
3.32587 -1.80000 -2.22229
2.82842 -1.80000 -2.82843
-0.00000 -2.00000 0.00000
3.32588 -2.00000 -2.22228
3.69552 -2.00000 -1.53073
-0.00000 -1.80000 0.00000
3.69551 -1.80000 -1.53075
3.32587 -1.80000 -2.22229
-0.00000 -2.00000 0.00000
3.69552 -2.00000 -1.53073
3.92314 -2.00000 -0.78036
-0.00000 -1.80000 0.00000
3.92314 -1.80000 -0.78038
3.69551 -1.80000 -1.53075
-0.00000 -2.00000 0.00000
3.92314 -2.00000 -0.78036
4.00000 -2.00000 0.00000
-0.00000 -1.80000 0.00000
4.00000 -1.80000 -0.00002
3.92314 -1.80000 -0.78038
-0.00000 -2.00000 0.00000
4.00000 -2.00000 0.00000
3.92314 -2.00000 0.78037
-0.00000 -1.80000 0.00000
3.92314 -1.80000 0.78034
4.00000 -1.80000 -0.00002
-0.00000 -2.00000 0.00000
3.92314 -2.00000 0.78037
3.69552 -2.00000 1.53074
-0.00000 -1.80000 0.00000
3.69553 -1.80000 1.53072
3.92314 -1.80000 0.78034
-0.00000 -2.00000 0.00000
3.69552 -2.00000 1.53074
3.32588 -2.00000 2.22229
-0.00000 -1.80000 0.00000
3.32589 -1.80000 2.22226
3.69553 -1.80000 1.53072
-0.00000 -2.00000 0.00000
3.32588 -2.00000 2.22229
2.82842 -2.00000 2.82843
-0.00000 -1.80000 0.00000
2.82844 -1.80000 2.82841
3.32589 -1.80000 2.22226
-0.00000 -2.00000 0.00000
2.82842 -2.00000 2.82843
2.22228 -2.00000 3.32588
-0.00000 -1.80000 0.00000
2.22230 -1.80000 3.32587
2.82844 -1.80000 2.82841
-0.00000 -2.00000 0.00000
2.22228 -2.00000 3.32588
1.53073 -2.00000 3.69552
-0.00000 -1.80000 0.00000
1.53076 -1.80000 3.69551
2.22230 -1.80000 3.32587
-0.00000 -2.00000 0.00000
1.53073 -2.00000 3.69552
0.78036 -2.00000 3.92314
-0.00000 -1.80000 0.00000
0.78039 -1.80000 3.92314
1.53076 -1.80000 3.69551
0.78036 -2.00000 3.92314
-0.00000 -2.00000 4.00000
-0.00000 -2.00000 0.00000
-0.00000 -1.80000 0.00000
-0.00001 -1.80000 4.00000
0.78039 -1.80000 3.92314
-0.00000 -2.00000 4.00000
-0.00001 -1.80000 4.00000
-0.78037 -1.80000 3.92314
-0.78036 -2.00000 3.92314
-0.78036 -2.00000 3.92314
-0.78037 -1.80000 3.92314
-1.53074 -1.80000 3.69552
-1.53073 -2.00000 3.69552
-1.53073 -2.00000 3.69552
-1.53074 -1.80000 3.69552
-2.22229 -1.80000 3.32587
-2.22228 -2.00000 3.32588
-2.22228 -2.00000 3.32588
-2.22229 -1.80000 3.32587
-2.82843 -1.80000 2.82842
-2.82843 -2.00000 2.82843
-2.82843 -2.00000 2.82843
-2.82843 -1.80000 2.82842
-3.32588 -1.80000 2.22227
-3.32588 -2.00000 2.22228
-3.32588 -2.00000 2.22228
-3.32588 -1.80000 2.22227
-3.69552 -1.80000 1.53073
-3.69552 -2.00000 1.53073
-3.69552 -2.00000 1.53073
-3.69552 -1.80000 1.53073
-3.92314 -1.80000 0.78035
-3.92314 -2.00000 0.78036
-3.92314 -2.00000 0.78036
-3.92314 -1.80000 0.78035
-4.00000 -1.80000 -0.00001
-4.00000 -2.00000 0.00000
-4.00000 -2.00000 0.00000
-4.00000 -1.80000 -0.00001
-3.92314 -1.80000 -0.78037
-3.92314 -2.00000 -0.78036
-3.92314 -2.00000 -0.78036
-3.92314 -1.80000 -0.78037
-3.69552 -1.80000 -1.53074
-3.69552 -2.00000 -1.53073
-3.69552 -2.00000 -1.53073
-3.69552 -1.80000 -1.53074
-3.32588 -1.80000 -2.22228
-3.32588 -2.00000 -2.22228
-3.32588 -2.00000 -2.22228
-3.32588 -1.80000 -2.22228
-2.82843 -1.80000 -2.82843
-2.82843 -2.00000 -2.82843
-2.82843 -2.00000 -2.82843
-2.82843 -1.80000 -2.82843
-2.22228 -1.80000 -3.32588
-2.22228 -2.00000 -3.32588
-2.22228 -2.00000 -3.32588
-2.22228 -1.80000 -3.32588
-1.53073 -1.80000 -3.69552
-1.53073 -2.00000 -3.69552
-1.53073 -2.00000 -3.69552
-1.53073 -1.80000 -3.69552
-0.78036 -1.80000 -3.92314
-0.78036 -2.00000 -3.92314
-0.78036 -2.00000 -3.92314
-0.78036 -1.80000 -3.92314
-0.00000 -1.80000 -4.00000
0.00000 -2.00000 -4.00000
0.00000 -2.00000 -4.00000
-0.00000 -1.80000 -4.00000
0.78036 -1.80000 -3.92314
0.78036 -2.00000 -3.92314
0.78036 -2.00000 -3.92314
0.78036 -1.80000 -3.92314
1.53073 -1.80000 -3.69552
1.53074 -2.00000 -3.69552
1.53074 -2.00000 -3.69552
1.53073 -1.80000 -3.69552
2.22227 -1.80000 -3.32588
2.22228 -2.00000 -3.32588
2.22228 -2.00000 -3.32588
2.22227 -1.80000 -3.32588
2.82842 -1.80000 -2.82843
2.82843 -2.00000 -2.82843
2.82843 -2.00000 -2.82843
2.82842 -1.80000 -2.82843
3.32587 -1.80000 -2.22229
3.32588 -2.00000 -2.22228
3.32588 -2.00000 -2.22228
3.32587 -1.80000 -2.22229
3.69551 -1.80000 -1.53075
3.69552 -2.00000 -1.53073
3.69552 -2.00000 -1.53073
3.69551 -1.80000 -1.53075
3.92314 -1.80000 -0.78038
3.92314 -2.00000 -0.78036
3.92314 -2.00000 -0.78036
3.92314 -1.80000 -0.78038
4.00000 -1.80000 -0.00002
4.00000 -2.00000 0.00000
4.00000 -2.00000 0.00000
4.00000 -1.80000 -0.00002
3.92314 -1.80000 0.78034
3.92314 -2.00000 0.78037
3.92314 -2.00000 0.78037
3.92314 -1.80000 0.78034
3.69553 -1.80000 1.53072
3.69552 -2.00000 1.53074
3.69552 -2.00000 1.53074
3.69553 -1.80000 1.53072
3.32589 -1.80000 2.22226
3.32588 -2.00000 2.22229
3.32588 -2.00000 2.22229
3.32589 -1.80000 2.22226
2.82844 -1.80000 2.82841
2.82842 -2.00000 2.82843
2.82842 -2.00000 2.82843
2.82844 -1.80000 2.82841
2.22230 -1.80000 3.32587
2.22228 -2.00000 3.32588
2.22228 -2.00000 3.32588
2.22230 -1.80000 3.32587
1.53076 -1.80000 3.69551
1.53073 -2.00000 3.69552
1.53073 -2.00000 3.69552
1.53076 -1.80000 3.69551
0.78039 -1.80000 3.92314
0.78036 -2.00000 3.92314
-0.00001 -1.80000 4.00000
-0.00000 -2.00000 4.00000
0.78036 -2.00000 3.92314
0.78039 -1.80000 3.92314

-0.00000 -1.00000 0.00000
-0.00000 -1.00000 0.00000
-0.00000 -1.00000 0.00000
-0.00000 1.00000 0.00000
-0.00000 1.00000 0.00000
-0.00000 1.00000 0.00000
-0.00000 -1.00000 0.00000
-0.00000 -1.00000 0.00000
-0.00000 -1.00000 0.00000
-0.00000 1.00000 0.00000
-0.00000 1.00000 0.00000
-0.00000 1.00000 0.00000
-0.00000 -1.00000 0.00000
-0.00000 -1.00000 0.00000
-0.00000 -1.00000 0.00000
-0.00000 1.00000 0.00000
-0.00000 1.00000 0.00000
-0.00000 1.00000 0.00000
-0.00000 -1.00000 0.00000
-0.00000 -1.00000 0.00000
-0.00000 -1.00000 0.00000
-0.00000 1.00000 0.00000
-0.00000 1.00000 0.00000
-0.00000 1.00000 0.00000
-0.00000 -1.00000 0.00000
-0.00000 -1.00000 0.00000
-0.00000 -1.00000 0.00000
-0.00000 1.00000 0.00000
-0.00000 1.00000 0.00000
-0.00000 1.00000 0.00000
-0.00000 -1.00000 0.00000
-0.00000 -1.00000 0.00000
-0.00000 -1.00000 0.00000
-0.00000 1.00000 0.00000
-0.00000 1.00000 0.00000
-0.00000 1.00000 0.00000
-0.00000 -1.00000 0.00000
-0.00000 -1.00000 0.00000
-0.00000 -1.00000 0.00000
-0.00000 1.00000 0.00000
-0.00000 1.00000 0.00000
-0.00000 1.00000 0.00000
-0.00000 -1.00000 0.00000
-0.00000 -1.00000 0.00000
-0.00000 -1.00000 0.00000
-0.00000 1.00000 0.00000
-0.00000 1.00000 0.00000
-0.00000 1.00000 0.00000
-0.00000 -1.00000 0.00000
-0.00000 -1.00000 0.00000
-0.00000 -1.00000 0.00000
-0.00000 1.00000 0.00000
-0.00000 1.00000 0.00000
-0.00000 1.00000 0.00000
-0.00000 -1.00000 0.00000
-0.00000 -1.00000 0.00000
-0.00000 -1.00000 0.00000
-0.00000 1.00000 0.00000
-0.00000 1.00000 0.00000
-0.00000 1.00000 0.00000
-0.00000 -1.00000 0.00000
-0.00000 -1.00000 0.00000
-0.00000 -1.00000 0.00000
-0.00000 1.00000 0.00000
-0.00000 1.00000 0.00000
-0.00000 1.00000 0.00000
-0.00000 -1.00000 0.00000
-0.00000 -1.00000 0.00000
-0.00000 -1.00000 0.00000
-0.00000 1.00000 0.00000
-0.00000 1.00000 0.00000
-0.00000 1.00000 0.00000
-0.00000 -1.00000 0.00000
-0.00000 -1.00000 0.00000
-0.00000 -1.00000 0.00000
-0.00000 1.00000 0.00000
-0.00000 1.00000 0.00000
-0.00000 1.00000 0.00000
-0.00000 -1.00000 0.00000
-0.00000 -1.00000 0.00000
-0.00000 -1.00000 0.00000
-0.00000 1.00000 0.00000
-0.00000 1.00000 0.00000
-0.00000 1.00000 0.00000
-0.00000 -1.00000 0.00000
-0.00000 -1.00000 0.00000
-0.00000 -1.00000 0.00000
-0.00000 1.00000 0.00000
-0.00000 1.00000 0.00000
-0.00000 1.00000 0.00000
-0.00000 -1.00000 0.00000
-0.00000 -1.00000 0.00000
-0.00000 -1.00000 0.00000
-0.00000 1.00000 0.00000
-0.00000 1.00000 0.00000
-0.00000 1.00000 0.00000
-0.00000 -1.00000 0.00000
-0.00000 -1.00000 0.00000
-0.00000 -1.00000 0.00000
-0.00000 1.00000 0.00000
-0.00000 1.00000 0.00000
-0.00000 1.00000 0.00000
-0.00000 -1.00000 0.00000
-0.00000 -1.00000 0.00000
-0.00000 -1.00000 0.00000
-0.00000 1.00000 0.00000
-0.00000 1.00000 0.00000
-0.00000 1.00000 0.00000
-0.00000 -1.00000 0.00000
-0.00000 -1.00000 0.00000
-0.00000 -1.00000 0.00000
-0.00000 1.00000 0.00000
-0.00000 1.00000 0.00000
-0.00000 1.00000 0.00000
-0.00000 -1.00000 0.00000
-0.00000 -1.00000 0.00000
-0.00000 -1.00000 0.00000
-0.00000 1.00000 0.00000
-0.00000 1.00000 0.00000
-0.00000 1.00000 0.00000
-0.00000 -1.00000 0.00000
-0.00000 -1.00000 0.00000
-0.00000 -1.00000 0.00000
-0.00000 1.00000 0.00000
-0.00000 1.00000 0.00000
-0.00000 1.00000 0.00000
-0.00000 -1.00000 0.00000
-0.00000 -1.00000 0.00000
-0.00000 -1.00000 0.00000
-0.00000 1.00000 0.00000
-0.00000 1.00000 0.00000
-0.00000 1.00000 0.00000
-0.00000 -1.00000 0.00000
-0.00000 -1.00000 0.00000
-0.00000 -1.00000 0.00000
-0.00000 1.00000 0.00000
-0.00000 1.00000 0.00000
-0.00000 1.00000 0.00000
-0.00000 -1.00000 0.00000
-0.00000 -1.00000 0.00000
-0.00000 -1.00000 0.00000
-0.00000 1.00000 0.00000
-0.00000 1.00000 0.00000
-0.00000 1.00000 0.00000
-0.00000 -1.00000 0.00000
-0.00000 -1.00000 0.00000
-0.00000 -1.00000 0.00000
-0.00000 1.00000 0.00000
-0.00000 1.00000 0.00000
-0.00000 1.00000 0.00000
-0.00000 -1.00000 0.00000
-0.00000 -1.00000 0.00000
-0.00000 -1.00000 0.00000
-0.00000 1.00000 0.00000
-0.00000 1.00000 0.00000
-0.00000 1.00000 0.00000
-0.00000 -1.00000 0.00000
-0.00000 -1.00000 0.00000
-0.00000 -1.00000 0.00000
-0.00000 1.00000 0.00000
-0.00000 1.00000 0.00000
-0.00000 1.00000 0.00000
-0.00000 -1.00000 0.00000
-0.00000 -1.00000 0.00000
-0.00000 -1.00000 0.00000
-0.00000 1.00000 0.00000
-0.00000 1.00000 0.00000
-0.00000 1.00000 0.00000
-0.00000 -1.00000 0.00000
-0.00000 -1.00000 0.00000
-0.00000 -1.00000 0.00000
-0.00000 1.00000 0.00000
-0.00000 1.00000 0.00000
-0.00000 1.00000 0.00000
-0.00000 -1.00000 0.00000
-0.00000 -1.00000 0.00000
-0.00000 -1.00000 0.00000
-0.00000 1.00000 0.00000
-0.00000 1.00000 0.00000
-0.00000 1.00000 0.00000
-0.00000 -1.00000 0.00000
-0.00000 -1.00000 0.00000
-0.00000 -1.00000 0.00000
-0.00000 1.00000 0.00000
-0.00000 1.00000 0.00000
-0.00000 1.00000 0.00000
-0.00000 -1.00000 0.00000
-0.00000 -1.00000 0.00000
-0.00000 -1.00000 0.00000
-0.00000 1.00000 0.00000
-0.00000 1.00000 0.00000
-0.00000 1.00000 0.00000
-0.09802 -0.00000 0.99518
-0.09802 -0.00000 0.99518
-0.09802 -0.00000 0.99518
-0.09802 -0.00000 0.99518
-0.29029 -0.00000 0.95694
-0.29029 -0.00000 0.95694
-0.29029 -0.00000 0.95694
-0.29029 -0.00000 0.95694
-0.47140 -0.00000 0.88192
-0.47140 -0.00000 0.88192
-0.47140 -0.00000 0.88192
-0.47140 -0.00000 0.88192
-0.63439 -0.00000 0.77301
-0.63439 -0.00000 0.77301
-0.63439 -0.00000 0.77301
-0.63439 -0.00000 0.77301
-0.77301 0.00000 0.63439
-0.77301 0.00000 0.63439
-0.77301 0.00000 0.63439
-0.77301 0.00000 0.63439
-0.88192 -0.00000 0.47140
-0.88192 -0.00000 0.47140
-0.88192 -0.00000 0.47140
-0.88192 -0.00000 0.47140
-0.95694 -0.00000 0.29028
-0.95694 -0.00000 0.29028
-0.95694 -0.00000 0.29028
-0.95694 -0.00000 0.29028
-0.99518 -0.00000 0.09802
-0.99518 -0.00000 0.09802
-0.99518 -0.00000 0.09802
-0.99518 -0.00000 0.09802
-0.99518 -0.00000 -0.09802
-0.99518 -0.00000 -0.09802
-0.99518 -0.00000 -0.09802
-0.99518 -0.00000 -0.09802
-0.95694 -0.00000 -0.29029
-0.95694 -0.00000 -0.29029
-0.95694 -0.00000 -0.29029
-0.95694 -0.00000 -0.29029
-0.88192 -0.00000 -0.47140
-0.88192 -0.00000 -0.47140
-0.88192 -0.00000 -0.47140
-0.88192 -0.00000 -0.47140
-0.77301 -0.00000 -0.63439
-0.77301 -0.00000 -0.63439
-0.77301 -0.00000 -0.63439
-0.77301 -0.00000 -0.63439
-0.63439 -0.00000 -0.77301
-0.63439 -0.00000 -0.77301
-0.63439 -0.00000 -0.77301
-0.63439 -0.00000 -0.77301
-0.47140 -0.00000 -0.88192
-0.47140 -0.00000 -0.88192
-0.47140 -0.00000 -0.88192
-0.47140 -0.00000 -0.88192
-0.29028 -0.00000 -0.95694
-0.29028 -0.00000 -0.95694
-0.29028 -0.00000 -0.95694
-0.29028 -0.00000 -0.95694
-0.09802 -0.00000 -0.99518
-0.09802 -0.00000 -0.99518
-0.09802 -0.00000 -0.99518
-0.09802 -0.00000 -0.99518
0.09802 -0.00000 -0.99518
0.09802 -0.00000 -0.99518
0.09802 -0.00000 -0.99518
0.09802 -0.00000 -0.99518
0.29028 -0.00000 -0.95694
0.29028 -0.00000 -0.95694
0.29028 -0.00000 -0.95694
0.29028 -0.00000 -0.95694
0.47140 -0.00000 -0.88192
0.47140 -0.00000 -0.88192
0.47140 -0.00000 -0.88192
0.47140 -0.00000 -0.88192
0.63439 0.00000 -0.77301
0.63439 0.00000 -0.77301
0.63439 0.00000 -0.77301
0.63439 0.00000 -0.77301
0.77301 0.00000 -0.63439
0.77301 0.00000 -0.63439
0.77301 0.00000 -0.63439
0.77301 0.00000 -0.63439
0.88192 0.00000 -0.47140
0.88192 0.00000 -0.47140
0.88192 0.00000 -0.47140
0.88192 0.00000 -0.47140
0.95694 -0.00000 -0.29029
0.95694 -0.00000 -0.29029
0.95694 -0.00000 -0.29029
0.95694 -0.00000 -0.29029
0.99518 -0.00000 -0.09802
0.99518 -0.00000 -0.09802
0.99518 -0.00000 -0.09802
0.99518 -0.00000 -0.09802
0.99518 -0.00000 0.09802
0.99518 -0.00000 0.09802
0.99518 -0.00000 0.09802
0.99518 -0.00000 0.09802
0.95694 -0.00000 0.29028
0.95694 -0.00000 0.29028
0.95694 -0.00000 0.29028
0.95694 -0.00000 0.29028
0.88192 -0.00000 0.47139
0.88192 -0.00000 0.47139
0.88192 -0.00000 0.47139
0.88192 -0.00000 0.47139
0.77301 -0.00000 0.63439
0.77301 -0.00000 0.63439
0.77301 -0.00000 0.63439
0.77301 -0.00000 0.63439
0.63440 -0.00000 0.77301
0.63440 -0.00000 0.77301
0.63440 -0.00000 0.77301
0.63440 -0.00000 0.77301
0.47140 -0.00000 0.88192
0.47140 -0.00000 0.88192
0.47140 -0.00000 0.88192
0.47140 -0.00000 0.88192
0.29029 -0.00000 0.95694
0.29029 -0.00000 0.95694
0.29029 -0.00000 0.95694
0.29029 -0.00000 0.95694
0.09802 0.00001 0.99518
0.09802 0.00001 0.99518
0.09802 0.00001 0.99518
0.09802 0.00001 0.99518

0.00000 0.50000
0.92022 0.50000
0.90254 0.67953
0.00000 0.50000
0.90254 0.67953
0.92022 0.50000
0.00000 0.50000
0.90254 0.67953
0.85017 0.85215
0.00000 0.50000
0.85017 0.85215
0.90254 0.67953
0.00000 0.50000
0.85017 0.85215
0.76513 1.01125
0.00000 0.50000
0.76513 1.01125
0.85017 0.85215
0.00000 0.50000
0.76513 1.01125
0.65069 1.15069
0.00000 0.50000
0.65069 1.15069
0.76513 1.01125
0.00000 0.50000
0.65069 1.15069
0.51125 1.26513
0.00000 0.50000
0.51125 1.26514
0.65069 1.15069
0.00000 0.50000
0.51125 1.26513
0.35215 1.35017
0.00000 0.50000
0.35215 1.35017
0.51125 1.26514
0.00000 0.50000
0.35215 1.35017
0.17953 1.40254
0.00000 0.50000
0.17952 1.40254
0.35215 1.35017
0.00000 0.50000
0.17953 1.40254
0.00000 1.42022
0.00000 0.50000
-0.00000 1.42022
0.17952 1.40254
0.00000 0.50000
0.00000 1.42022
-0.17953 1.40254
0.00000 0.50000
-0.17953 1.40254
-0.00000 1.42022
0.00000 0.50000
-0.17953 1.40254
-0.35215 1.35017
0.00000 0.50000
-0.35215 1.35017
-0.17953 1.40254
0.00000 0.50000
-0.35215 1.35017
-0.51125 1.26513
0.00000 0.50000
-0.51125 1.26513
-0.35215 1.35017
0.00000 0.50000
-0.51125 1.26513
-0.65069 1.15069
0.00000 0.50000
-0.65069 1.15069
-0.51125 1.26513
0.00000 0.50000
-0.65069 1.15069
-0.76513 1.01125
0.00000 0.50000
-0.76513 1.01125
-0.65069 1.15069
0.00000 0.50000
-0.76513 1.01125
-0.85017 0.85215
0.00000 0.50000
-0.85017 0.85215
-0.76513 1.01125
0.00000 0.50000
-0.85017 0.85215
-0.90254 0.67953
0.00000 0.50000
-0.90254 0.67953
-0.85017 0.85215
0.00000 0.50000
-0.90254 0.67953
-0.92022 0.50000
0.00000 0.50000
-0.92022 0.50000
-0.90254 0.67953
0.00000 0.50000
-0.92022 0.50000
-0.90254 0.32047
0.00000 0.50000
-0.90254 0.32048
-0.92022 0.50000
0.00000 0.50000
-0.90254 0.32047
-0.85017 0.14785
0.00000 0.50000
-0.85017 0.14785
-0.90254 0.32048
0.00000 0.50000
-0.85017 0.14785
-0.76513 -0.01125
0.00000 0.50000
-0.76514 -0.01124
-0.85017 0.14785
0.00000 0.50000
-0.76513 -0.01125
-0.65069 -0.15069
0.00000 0.50000
-0.65070 -0.15069
-0.76514 -0.01124
0.00000 0.50000
-0.65069 -0.15069
-0.51125 -0.26513
0.00000 0.50000
-0.51125 -0.26513
-0.65070 -0.15069
0.00000 0.50000
-0.51125 -0.26513
-0.35215 -0.35017
0.00000 0.50000
-0.35216 -0.35017
-0.51125 -0.26513
0.00000 0.50000
-0.35215 -0.35017
-0.17953 -0.40254
0.00000 0.50000
-0.17953 -0.40254
-0.35216 -0.35017
0.00000 0.50000
-0.17953 -0.40254
0.00000 -0.42022
0.00000 0.50000
-0.00000 -0.42022
-0.17953 -0.40254
0.00000 0.50000
0.00000 -0.42022
0.17953 -0.40254
0.00000 0.50000
0.17952 -0.40254
-0.00000 -0.42022
0.00000 0.50000
0.17953 -0.40254
0.35215 -0.35017
0.00000 0.50000
0.35215 -0.35017
0.17952 -0.40254
0.00000 0.50000
0.35215 -0.35017
0.51125 -0.26513
0.00000 0.50000
0.51124 -0.26514
0.35215 -0.35017
0.00000 0.50000
0.51125 -0.26513
0.65069 -0.15069
0.00000 0.50000
0.65069 -0.15070
0.51124 -0.26514
0.00000 0.50000
0.65069 -0.15069
0.76514 -0.01125
0.00000 0.50000
0.76513 -0.01125
0.65069 -0.15070
0.00000 0.50000
0.76514 -0.01125
0.85017 0.14785
0.00000 0.50000
0.85017 0.14784
0.76513 -0.01125
0.00000 0.50000
0.85017 0.14785
0.90254 0.32048
0.00000 0.50000
0.90254 0.32047
0.85017 0.14784
0.90254 0.32048
0.92022 0.50000
0.00000 0.50000
0.00000 0.50000
0.92022 0.50000
0.90254 0.32047
-0.79672 4.06412
1.01613 4.06411
1.02302 3.82636
-0.78982 3.82636
-0.78982 3.82636
1.02302 3.82636
1.02992 3.58860
-0.78293 3.58860
-0.78293 3.58860
1.02992 3.58860
1.03681 3.35084
-0.77603 3.35085
-0.77603 3.35085
1.03681 3.35084
1.04371 3.11308
-0.76914 3.11309
-0.76914 3.11309
1.04371 3.11308
1.05060 2.87532
-0.76224 2.87533
-0.76224 2.87533
1.05060 2.87532
1.05750 2.63756
-0.75535 2.63757
-0.75535 2.63757
1.05750 2.63756
1.06439 2.39980
-0.74845 2.39981
-0.74845 2.39981
1.06439 2.39980
1.07128 2.16205
-0.74155 2.16205
-0.74155 2.16205
1.07128 2.16205
1.07818 1.92429
-0.73466 1.92430
-0.73466 1.92430
1.07818 1.92429
1.08507 1.68654
-0.72776 1.68654
-0.72776 1.68654
1.08507 1.68654
1.09197 1.44878
-0.72086 1.44878
-0.72086 1.44878
1.09197 1.44878
1.09886 1.21103
-0.71397 1.21103
-0.71397 1.21103
1.09886 1.21103
1.10576 0.97327
-0.70707 0.97327
-0.70707 0.97327
1.10576 0.97327
1.09789 0.73578
-0.71494 0.73577
-0.71494 0.73577
1.09789 0.73578
1.09002 0.49828
-0.72281 0.49828
-0.72281 0.49828
1.09002 0.49828
1.08215 0.26079
-0.73067 0.26078
-0.73067 0.26078
1.08215 0.26079
1.07428 0.02329
-0.73854 0.02329
-0.73854 0.02329
1.07428 0.02329
1.06641 -0.21420
-0.74641 -0.21421
-0.74641 -0.21421
1.06641 -0.21420
1.05855 -0.45169
-0.75428 -0.45170
-0.75428 -0.45170
1.05855 -0.45169
1.05068 -0.68919
-0.76215 -0.68919
-0.76215 -0.68919
1.05068 -0.68919
1.04281 -0.92668
-0.77001 -0.92669
-0.77001 -0.92669
1.04281 -0.92668
1.03494 -1.16417
-0.77788 -1.16418
-0.77788 -1.16418
1.03494 -1.16417
1.02707 -1.40167
-0.78575 -1.40168
-0.78575 -1.40168
1.02707 -1.40167
1.01920 -1.63916
-0.79362 -1.63917
-0.79362 -1.63917
1.01920 -1.63916
1.01133 -1.87666
-0.80149 -1.87666
-0.80149 -1.87666
1.01133 -1.87666
1.00346 -2.11415
-0.80936 -2.11416
-0.80936 -2.11416
1.00346 -2.11415
0.99559 -2.35164
-0.81722 -2.35165
-0.81722 -2.35165
0.99559 -2.35164
0.98772 -2.58914
-0.82509 -2.58914
-0.82509 -2.58914
0.98772 -2.58914
0.97986 -2.82663
-0.83296 -2.82663
-0.83296 -2.82663
0.97986 -2.82663
0.97199 -3.06413
-0.84083 -3.06413
-0.84083 -3.06413
0.97199 -3.06413
0.96411 -3.30162
-0.84870 -3.30162
1.01613 4.06411
-0.79672 4.06412
-0.78885 4.30162
1.02400 4.30161

128
0 1 2
3 4 5
6 7 8
9 10 11
12 13 14
15 16 17
18 19 20
21 22 23
24 25 26
27 28 29
30 31 32
33 34 35
36 37 38
39 40 41
42 43 44
45 46 47
48 49 50
51 52 53
54 55 56
57 58 59
60 61 62
63 64 65
66 67 68
69 70 71
72 73 74
75 76 77
78 79 80
81 82 83
84 85 86
87 88 89
90 91 92
93 94 95
96 97 98
99 100 101
102 103 104
105 106 107
108 109 110
111 112 113
114 115 116
117 118 119
120 121 122
123 124 125
126 127 128
129 130 131
132 133 134
135 136 137
138 139 140
141 142 143
144 145 146
147 148 149
150 151 152
153 154 155
156 157 158
159 160 161
162 163 164
165 166 167
168 169 170
171 172 173
174 175 176
177 178 179
180 181 182
183 184 185
186 187 188
189 190 191
192 193 194
192 194 195
196 197 198
196 198 199
200 201 202
200 202 203
204 205 206
204 206 207
208 209 210
208 210 211
212 213 214
212 214 215
216 217 218
216 218 219
220 221 222
220 222 223
224 225 226
224 226 227
228 229 230
228 230 231
232 233 234
232 234 235
236 237 238
236 238 239
240 241 242
240 242 243
244 245 246
244 246 247
248 249 250
248 250 251
252 253 254
252 254 255
256 257 258
256 258 259
260 261 262
260 262 263
264 265 266
264 266 267
268 269 270
268 270 271
272 273 274
272 274 275
276 277 278
276 278 279
280 281 282
280 282 283
284 285 286
284 286 287
288 289 290
288 290 291
292 293 294
292 294 295
296 297 298
296 298 299
300 301 302
300 302 303
304 305 306
304 306 307
308 309 310
308 310 311
312 313 314
312 314 315
316 317 318
316 318 319

demo3.bmp
96
3.92314 -1.80000 0.78036
3.85652 -1.80000 1.00000
4.00000 -1.80000 -0.00000
4.00000 0.00000 -0.00001
3.00000 0.00000 -0.00000
2.95526 0.00000 0.45423
2.81655 -1.80000 1.00000
2.94236 -1.80000 0.58527
3.85652 -1.80000 1.00000
2.95526 0.00000 0.45423
2.94236 0.00000 0.58527
4.00000 0.00000 -0.00001
2.94236 -1.80000 0.58527
2.94236 0.00000 0.58527
2.95526 0.00000 0.45423
3.92314 -1.80000 -0.78036
2.99625 -1.80000 -0.03808
2.94236 -1.80000 -0.58527
3.92314 -1.80000 -0.78036
3.00000 -1.80000 0.00000
2.99625 -1.80000 -0.03808
2.99625 0.00000 -0.03808
3.00000 -1.80000 0.00000
3.00000 0.00000 -0.00000
4.00000 0.00000 -0.00001
2.94236 0.00000 0.58527
2.81655 0.00000 1.00000
2.94236 -1.80000 0.58527
3.00000 -1.80000 0.00000
3.92314 -1.80000 -0.78036
3.85652 0.00000 -1.00000
2.81655 0.00000 -1.00000
2.94235 0.00000 -0.58527
2.99625 0.00000 -0.03808
2.94235 0.00000 -0.58527
2.94236 -1.80000 -0.58527
3.85652 0.00000 -1.00000
3.92314 0.00000 -0.78037
3.92314 -1.80000 -0.78036
3.85651 -1.80000 -1.00000
3.92314 -1.80000 -0.78036
3.92314 0.00000 -0.78037
4.00000 0.00000 -0.00001
4.00000 -1.80000 -0.00000
3.92314 0.00000 0.78036
3.92314 -1.80000 0.78036
4.00000 -1.80000 -0.00000
4.00000 0.00000 -0.00001
3.85652 -1.80000 1.00000
3.92314 -1.80000 0.78036
3.92314 0.00000 0.78036
3.85651 0.00000 1.00000
4.00000 0.00000 -0.00001
3.92314 0.00000 -0.78037
2.99625 0.00000 -0.03808
3.00000 0.00000 -0.00000
2.99625 0.00000 -0.03808
3.92314 0.00000 -0.78037
3.85652 0.00000 -1.00000
2.94235 0.00000 -0.58527
2.94236 -1.80000 -0.58527
2.81655 -1.80000 -1.00000
3.85651 -1.80000 -1.00000
3.92314 -1.80000 -0.78036
2.94236 -1.80000 0.58527
3.92314 -1.80000 -0.78036
4.00000 -1.80000 -0.00000
3.85652 -1.80000 1.00000
3.85651 -1.80000 -1.00000
2.81655 -1.80000 -1.00000
2.81655 0.00000 -1.00000
3.85652 0.00000 -1.00000
2.94236 -1.80000 -0.58527
2.94235 0.00000 -0.58527
2.81655 0.00000 -1.00000
2.81655 -1.80000 -1.00000
3.92314 0.00000 0.78036
4.00000 0.00000 -0.00001
2.81655 0.00000 1.00000
3.85651 0.00000 1.00000
2.81655 0.00000 1.00000
2.81655 -1.80000 1.00000
3.85652 -1.80000 1.00000
3.85651 0.00000 1.00000
3.00000 0.00000 -0.00000
3.00000 -1.80000 0.00000
2.94236 -1.80000 0.58527
2.95526 0.00000 0.45423
2.81655 0.00000 1.00000
2.94236 0.00000 0.58527
2.94236 -1.80000 0.58527
2.81655 -1.80000 1.00000
2.99625 -1.80000 -0.03808
3.00000 -1.80000 0.00000
2.99625 0.00000 -0.03808
2.94236 -1.80000 -0.58527

-0.00000 -1.00000 0.00000
-0.00000 -1.00000 0.00000
-0.00000 -1.00000 0.00000
-0.00000 1.00000 -0.00000
-0.00000 1.00000 -0.00000
-0.00000 1.00000 -0.00000
0.00000 -1.00000 0.00000
0.00000 -1.00000 0.00000
0.00000 -1.00000 0.00000
-0.00000 1.00000 0.00000
-0.00000 1.00000 0.00000
-0.00000 1.00000 0.00000
-0.99518 0.00000 -0.09802
-0.99518 0.00000 -0.09802
-0.99518 0.00000 -0.09802
0.00000 -1.00000 -0.00000
0.00000 -1.00000 -0.00000
0.00000 -1.00000 -0.00000
0.00000 -1.00000 -0.00000
0.00000 -1.00000 -0.00000
0.00000 -1.00000 -0.00000
-0.99519 0.00000 0.09801
-0.99519 0.00000 0.09801
-0.99519 0.00000 0.09801
-0.00000 1.00000 0.00000
-0.00000 1.00000 0.00000
-0.00000 1.00000 0.00000
0.00000 -1.00000 0.00000
0.00000 -1.00000 0.00000
0.00000 -1.00000 0.00000
-0.00000 1.00000 -0.00000
-0.00000 1.00000 -0.00000
-0.00000 1.00000 -0.00000
-0.99518 -0.00000 0.09802
-0.99518 -0.00000 0.09802
-0.99518 -0.00000 0.09802
0.95694 -0.00000 -0.29028
0.95694 -0.00000 -0.29028
0.95694 -0.00000 -0.29028
0.95694 -0.00000 -0.29028
0.99518 -0.00000 -0.09802
0.99518 -0.00000 -0.09802
0.99518 -0.00000 -0.09802
0.99518 -0.00000 -0.09802
0.99518 0.00000 0.09802
0.99518 0.00000 0.09802
0.99518 0.00000 0.09802
0.99518 0.00000 0.09802
0.95694 0.00000 0.29028
0.95694 0.00000 0.29028
0.95694 0.00000 0.29028
0.95694 0.00000 0.29028
-0.00000 1.00000 -0.00000
-0.00000 1.00000 -0.00000
-0.00000 1.00000 -0.00000
-0.00000 1.00000 -0.00000
-0.00000 1.00000 0.00000
-0.00000 1.00000 0.00000
-0.00000 1.00000 0.00000
-0.00000 1.00000 0.00000
0.00000 -1.00000 -0.00000
0.00000 -1.00000 -0.00000
0.00000 -1.00000 -0.00000
0.00000 -1.00000 -0.00000
0.00000 -1.00000 0.00000
0.00000 -1.00000 0.00000
0.00000 -1.00000 0.00000
0.00000 -1.00000 0.00000
0.00000 0.00000 -1.00000
0.00000 0.00000 -1.00000
0.00000 0.00000 -1.00000
0.00000 0.00000 -1.00000
-0.95694 0.00000 0.29028
-0.95694 0.00000 0.29028
-0.95694 0.00000 0.29028
-0.95694 0.00000 0.29028
-0.00000 1.00000 -0.00000
-0.00000 1.00000 -0.00000
-0.00000 1.00000 -0.00000
-0.00000 1.00000 -0.00000
-0.00000 0.00000 1.00000
-0.00000 0.00000 1.00000
-0.00000 0.00000 1.00000
-0.00000 0.00000 1.00000
-0.99518 0.00000 -0.09802
-0.99518 0.00000 -0.09802
-0.99518 0.00000 -0.09802
-0.99518 0.00000 -0.09802
-0.95694 0.00000 -0.29028
-0.95694 0.00000 -0.29028
-0.95694 0.00000 -0.29028
-0.95694 0.00000 -0.29028
-0.99518 0.00000 0.09802
-0.99518 0.00000 0.09802
-0.99518 0.00000 0.09802
-0.99518 0.00000 0.09802

-3.85742 -5.90365
-3.52189 -5.80187
-5.04954 -6.02106
7.17165 -6.02106
7.17165 -4.49341
7.86556 -4.42507
-3.52189 -4.21316
-4.15545 -4.40535
-3.52189 -5.80187
-4.35563 -4.42507
-4.15546 -4.40535
-5.04955 -6.02106
4.42189 -5.12697
7.17166 -5.12698
7.17166 -5.32715
5.97954 -5.90365
7.11349 -4.48768
6.27757 -4.40535
5.97954 -5.90365
7.17166 -4.49341
7.11349 -4.48768
-5.04954 6.14196
-7.79931 6.20014
-5.04954 6.20013
7.17165 -6.02106
8.06574 -4.40535
8.69931 -4.21316
-4.15545 -4.40535
-5.04954 -4.49341
-6.24166 -5.90365
5.64401 -5.80187
5.64401 -4.21316
6.27756 -4.40535
-5.04954 6.14196
-5.04954 5.30604
-7.79931 5.30605
-5.04954 4.67249
-5.04954 5.00801
-7.79931 5.00802
-7.79931 4.67249
4.42189 5.00802
7.17166 5.00801
7.17166 6.20013
4.42189 6.20014
-5.04954 -4.82895
-7.79931 -4.82894
-7.79931 -6.02106
-5.04954 -6.02107
4.42189 -4.49341
4.42189 -4.82894
7.17166 -4.82895
7.17166 -4.49341
7.17165 -6.02106
5.97953 -5.90364
7.11348 -4.48768
7.17165 -4.49341
7.11348 -4.48768
5.97953 -5.90364
5.64401 -5.80187
6.27756 -4.40535
6.27757 -4.40535
5.64401 -4.21316
5.64401 -5.80186
5.97954 -5.90365
-4.15545 -4.40535
-6.24166 -5.90365
-5.04954 -6.02106
-3.52189 -5.80187
4.42189 -5.80186
4.42189 -4.21316
7.17166 -4.21316
7.17166 -5.80187
4.42189 5.30605
7.17166 5.30604
7.17166 4.67249
4.42189 4.67249
-3.85743 -5.90365
-5.04955 -6.02106
-3.52189 -4.21316
-3.52189 -5.80186
-5.04954 -4.21316
-7.79931 -4.21316
-7.79931 -5.80187
-5.04954 -5.80186
-5.04954 6.20013
-7.79931 6.20014
-7.79931 7.09423
-5.04954 6.89404
-5.04954 -4.49341
-5.04954 -5.12698
-7.79931 -5.12697
-7.79931 -4.49341
4.42189 6.14197
4.42189 6.20014
7.17166 6.14196
4.42189 5.30605

42
0 1 2
3 4 5
6 7 8
9 10 11
12 13 14
15 16 17
18 19 20
21 22 23
24 25 26
27 28 29
30 31 32
33 34 35
36 37 38
36 38 39
40 41 42
40 42 43
44 45 46
44 46 47
48 49 50
48 50 51
52 53 54
52 54 55
56 57 58
56 58 59
60 61 62
60 62 63
64 65 66
64 66 67
68 69 70
68 70 71
72 73 74
72 74 75
76 77 78
76 78 79
80 81 82
80 82 83
84 85 86
84 86 87
88 89 90
88 90 91
92 93 94
92 94 95

demo3.bmp
135
1.70000 0.00000 0.00000
1.70000 0.70711 0.70711
1.70000 0.83147 0.55557
1.70000 0.00000 0.00000
1.70000 0.83147 0.55557
1.70000 0.92388 0.38268
1.70000 0.00000 0.00000
1.70000 0.92388 0.38268
1.70000 0.98079 0.19509
1.70000 0.00000 0.00000
1.70000 0.98079 0.19509
1.70000 1.00000 0.00000
1.70000 0.00000 0.00000
1.70000 1.00000 0.00000
1.70000 0.98079 -0.19509
1.70000 0.00000 0.00000
1.70000 0.98079 -0.19509
1.70000 0.92388 -0.38268
1.70000 0.00000 0.00000
1.70000 0.92388 -0.38268
1.70000 0.83147 -0.55557
1.70000 0.00000 0.00000
1.70000 0.83147 -0.55557
1.70000 0.70711 -0.70711
1.70000 0.00000 0.00000
1.70000 0.70711 -0.70711
1.70000 0.55557 -0.83147
1.70000 0.00000 0.00000
1.70000 0.55557 -0.83147
1.70000 0.38268 -0.92388
1.70000 0.00000 0.00000
1.70000 0.38268 -0.92388
1.70000 0.19509 -0.98079
1.70000 0.00000 0.00000
1.70000 0.19509 -0.98079
1.70000 0.00000 -1.00000
1.70000 0.00000 0.00000
1.70000 0.00000 1.00000
1.70000 0.19509 0.98079
1.70000 0.00000 0.00000
1.70000 0.19509 0.98079
1.70000 0.38268 0.92388
1.70000 0.00000 0.00000
1.70000 0.38268 0.92388
1.70000 0.55557 0.83147
1.70000 0.70711 0.70711
1.70000 0.00000 0.00000
1.70000 0.55557 0.83147
1.70000 1.00000 0.00000
4.00000 1.00000 -0.00000
4.00000 1.00000 -0.00001
1.70000 0.70711 -0.70711
3.93036 0.70711 -0.70711
3.92314 0.61784 -0.78037
1.70000 0.70711 0.70711
3.92314 0.61786 0.78035
3.93036 0.70711 0.70711
1.70000 0.00000 -1.00000
3.85652 0.00000 -1.00000
3.92314 -0.00000 -0.78037
3.92314 0.61786 0.78035
3.90764 0.55557 0.83147
3.87960 0.38268 0.92388
1.70000 0.70711 -0.70711
3.92314 0.61784 -0.78037
3.90764 0.55557 -0.83147
1.70000 0.55557 -0.83147
1.70000 1.00000 0.00000
4.00000 1.00000 -0.00001
3.98079 0.98079 -0.19509
1.70000 0.98079 -0.19509
1.70000 0.98079 -0.19509
3.98079 0.98079 -0.19509
3.96231 0.92388 -0.38268
1.70000 0.92388 -0.38268
1.70000 0.55557 -0.83147
3.90764 0.55557 -0.83147
3.87961 0.38268 -0.92388
1.70000 0.38268 -0.92388
1.70000 0.38268 -0.92388
3.87961 0.38268 -0.92388
3.86234 0.19509 -0.98079
1.70000 0.19509 -0.98079
1.70000 0.92388 -0.38268
3.96231 0.92388 -0.38268
3.94528 0.83147 -0.55557
1.70000 0.83147 -0.55557
1.70000 0.55557 0.83147
3.90764 0.55557 0.83147
3.92314 0.61786 0.78035
1.70000 0.70711 0.70711
1.70000 0.83147 -0.55557
3.94528 0.83147 -0.55557
3.93036 0.70711 -0.70711
1.70000 0.70711 -0.70711
1.70000 0.70711 0.70711
3.93036 0.70711 0.70711
3.94528 0.83147 0.55557
1.70000 0.83147 0.55557
1.70000 0.83147 0.55557
3.94528 0.83147 0.55557
3.96231 0.92388 0.38268
1.70000 0.92388 0.38268
1.70000 0.00000 1.00000
3.85651 -0.00000 1.00000
3.86234 0.19509 0.98079
1.70000 0.19509 0.98079
3.92314 -0.00000 0.78035
3.85651 -0.00000 1.00000
1.70000 0.00000 1.00000
1.70000 0.00000 -1.00000
4.00000 -0.00000 -0.00001
3.92314 -0.00000 0.78035
1.70000 0.00000 -1.00000
3.92314 -0.00000 -0.78037
3.98079 0.98079 0.19509
1.70000 0.98079 0.19509
1.70000 0.92388 0.38268
3.96231 0.92388 0.38268
3.87960 0.38268 0.92388
1.70000 0.38268 0.92388
1.70000 0.19509 0.98079
3.86234 0.19509 0.98079
3.85652 0.00000 -1.00000
1.70000 0.00000 -1.00000
1.70000 0.19509 -0.98079
3.86234 0.19509 -0.98079
4.00000 1.00000 -0.00000
1.70000 1.00000 0.00000
1.70000 0.98079 0.19509
3.98079 0.98079 0.19509
3.90764 0.55557 0.83147
1.70000 0.55557 0.83147
1.70000 0.38268 0.92388
3.87960 0.38268 0.92388

-1.00000 0.00000 0.00000
-1.00000 0.00000 0.00000
-1.00000 0.00000 0.00000
-1.00000 0.00000 0.00000
-1.00000 0.00000 0.00000
-1.00000 0.00000 0.00000
-1.00000 0.00000 0.00000
-1.00000 0.00000 0.00000
-1.00000 0.00000 0.00000
-1.00000 0.00000 0.00000
-1.00000 0.00000 0.00000
-1.00000 0.00000 0.00000
-1.00000 0.00000 0.00000
-1.00000 0.00000 0.00000
-1.00000 0.00000 0.00000
-1.00000 0.00000 0.00000
-1.00000 0.00000 0.00000
-1.00000 0.00000 0.00000
-1.00000 0.00000 0.00000
-1.00000 0.00000 0.00000
-1.00000 0.00000 0.00000
-1.00000 0.00000 0.00000
-1.00000 0.00000 0.00000
-1.00000 0.00000 0.00000
-1.00000 0.00000 0.00000
-1.00000 0.00000 0.00000
-1.00000 0.00000 0.00000
-1.00000 0.00000 0.00000
-1.00000 0.00000 0.00000
-1.00000 0.00000 0.00000
-1.00000 0.00000 0.00000
-1.00000 0.00000 0.00000
-1.00000 0.00000 0.00000
-1.00000 -0.00000 -0.00000
-1.00000 -0.00000 -0.00000
-1.00000 -0.00000 -0.00000
-1.00000 0.00000 0.00000
-1.00000 0.00000 0.00000
-1.00000 0.00000 0.00000
-1.00000 0.00000 0.00000
-1.00000 0.00000 0.00000
-1.00000 0.00000 0.00000
-1.00000 0.00000 0.00000
-1.00000 0.00000 0.00000
-1.00000 0.00000 0.00000
-1.00000 0.00000 0.00000
-1.00000 0.00000 0.00000
-1.00000 0.00000 0.00000
-0.00000 0.99746 -0.07125
-0.00000 0.99746 -0.07125
-0.00000 0.99746 -0.07125
-0.00000 0.63439 -0.77301
-0.00000 0.63439 -0.77301
-0.00000 0.63439 -0.77301
-0.00000 0.63439 0.77301
-0.00000 0.63439 0.77301
-0.00000 0.63439 0.77301
0.00000 -1.00000 -0.00000
0.00000 -1.00000 -0.00000
0.00000 -1.00000 -0.00000
0.95694 -0.00000 0.29027
0.95694 -0.00000 0.29027
0.95694 -0.00000 0.29027
-0.00000 0.63439 -0.77301
-0.00000 0.63439 -0.77301
-0.00000 0.63439 -0.77301
-0.00000 0.63439 -0.77301
-0.00000 0.99518 -0.09802
-0.00000 0.99518 -0.09802
-0.00000 0.99518 -0.09802
-0.00000 0.99518 -0.09802
0.00000 0.95694 -0.29029
0.00000 0.95694 -0.29029
0.00000 0.95694 -0.29029
0.00000 0.95694 -0.29029
-0.00000 0.47140 -0.88192
-0.00000 0.47140 -0.88192
-0.00000 0.47140 -0.88192
-0.00000 0.47140 -0.88192
0.00000 0.29028 -0.95694
0.00000 0.29028 -0.95694
0.00000 0.29028 -0.95694
0.00000 0.29028 -0.95694
0.00000 0.88192 -0.47140
0.00000 0.88192 -0.47140
0.00000 0.88192 -0.47140
0.00000 0.88192 -0.47140
0.00000 0.63439 0.77301
0.00000 0.63439 0.77301
0.00000 0.63439 0.77301
0.00000 0.63439 0.77301
-0.00000 0.77301 -0.63439
-0.00000 0.77301 -0.63439
-0.00000 0.77301 -0.63439
-0.00000 0.77301 -0.63439
-0.00000 0.77301 0.63439
-0.00000 0.77301 0.63439
-0.00000 0.77301 0.63439
-0.00000 0.77301 0.63439
-0.00000 0.88192 0.47140
-0.00000 0.88192 0.47140
-0.00000 0.88192 0.47140
-0.00000 0.88192 0.47140
-0.00000 0.09801 0.99519
-0.00000 0.09801 0.99519
-0.00000 0.09801 0.99519
-0.00000 0.09801 0.99519
-0.00000 -1.00000 -0.00000
-0.00000 -1.00000 -0.00000
-0.00000 -1.00000 -0.00000
-0.00000 -1.00000 -0.00000
-0.00000 -1.00000 -0.00000
-0.00000 -1.00000 -0.00000
-0.00000 -1.00000 -0.00000
-0.00000 -1.00000 -0.00000
-0.00000 0.95694 0.29028
-0.00000 0.95694 0.29028
-0.00000 0.95694 0.29028
-0.00000 0.95694 0.29028
-0.00000 0.29028 0.95694
-0.00000 0.29028 0.95694
-0.00000 0.29028 0.95694
-0.00000 0.29028 0.95694
0.00000 0.09802 -0.99518
0.00000 0.09802 -0.99518
0.00000 0.09802 -0.99518
0.00000 0.09802 -0.99518
-0.00000 0.99518 0.09802
-0.00000 0.99518 0.09802
-0.00000 0.99518 0.09802
-0.00000 0.99518 0.09802
-0.00000 0.47139 0.88192
-0.00000 0.47139 0.88192
-0.00000 0.47139 0.88192
-0.00000 0.47139 0.88192

-2.50260 -2.30949
-1.97181 -1.77870
-1.87846 -1.89245
-2.50260 -2.30949
-1.87846 -1.89245
-1.80909 -2.02223
-2.50260 -2.30949
-1.80909 -2.02223
-1.76638 -2.16305
-2.50260 -2.30949
-1.76638 -2.16305
-1.75195 -2.30949
-2.50260 -2.30949
-1.75195 -2.30949
-1.76638 -2.45593
-2.50260 -2.30949
-1.76638 -2.45593
-1.80909 -2.59675
-2.50260 -2.30949
-1.80909 -2.59675
-1.87846 -2.72653
-2.50260 -2.30949
-1.87846 -2.72653
-1.97181 -2.84028
-2.50260 -2.30949
-1.97181 -2.84028
-2.08556 -2.93363
-2.50260 -2.30949
-2.08556 -2.93363
-2.21534 -3.00300
-2.50260 -2.30949
-2.21534 -3.00300
-2.35616 -3.04572
-2.50260 -2.30949
-2.35616 -3.04572
-2.50260 -3.06014
-2.50260 -2.30949
-2.50260 -1.55884
-2.35616 -1.57326
-2.50260 -2.30949
-2.35616 -1.57326
-2.21534 -1.61598
-2.50260 -2.30949
-2.21534 -1.61598
-2.08556 -1.68535
-1.97181 -1.77870
-2.50260 -2.30949
-2.08556 -1.68535
-2.50260 -0.58299
-2.50260 -2.30949
-2.50261 -2.30949
-1.97181 -0.58299
-1.97181 -2.25721
-2.03882 -2.25180
-1.97181 -0.58299
-2.03881 -2.25180
-1.97181 -2.25721
2.75195 -0.58299
2.75195 -2.20178
2.91682 -2.25180
-2.03881 -1.72372
-2.08557 -1.68535
-2.21534 -1.61598
-1.97181 -0.58299
-2.03882 -2.25180
-2.08556 -2.24016
-2.08556 -0.58299
-2.50260 -0.58299
-2.50261 -2.30949
-2.64905 -2.29507
-2.64905 -0.58299
3.35616 -0.58299
3.35616 -2.29507
3.21534 -2.28120
3.21534 -0.58299
-2.08556 -0.58299
-2.08556 -2.24016
-2.21534 -2.21912
-2.21534 -0.58299
-2.21534 -0.58299
-2.21534 -2.21912
-2.35616 -2.20616
-2.35616 -0.58299
3.21534 -0.58299
3.21534 -2.28120
3.08556 -2.26842
3.08556 -0.58299
-2.08556 -0.58299
-2.08557 -2.24016
-2.03881 -2.25180
-1.97181 -0.58299
3.08556 -0.58299
3.08556 -2.26842
2.97181 -2.25721
2.97181 -0.58299
-1.97181 -0.58299
-1.97181 -2.25721
-2.08557 -2.26842
-2.08556 -0.58299
-2.08556 -0.58299
-2.08557 -2.26842
-2.21534 -2.28120
-2.21534 -0.58299
-2.50260 -0.58299
-2.50261 -2.20178
-2.35616 -2.20616
-2.35616 -0.58299
-1.91683 -2.25180
-1.75195 -2.20178
-1.75195 -0.58299
-3.25325 -0.58299
3.50260 -2.30949
4.08838 -2.25180
2.75195 -0.58299
2.91682 -2.25180
-2.35616 -2.29507
-2.35616 -0.58299
-2.21534 -0.58299
-2.21534 -2.28120
-2.21534 -2.21912
-2.21534 -0.58299
-2.35616 -0.58299
-2.35616 -2.20616
-2.50260 -2.20178
-2.50260 -0.58299
-2.35616 -0.58299
-2.35616 -2.20616
3.50260 -2.30949
3.50260 -0.58299
3.64905 -0.58299
3.64905 -2.29507
-2.08557 -2.24016
-2.08556 -0.58299
-2.21534 -0.58299
-2.21534 -2.21912

57
0 1 2
3 4 5
6 7 8
9 10 11
12 13 14
15 16 17
18 19 20
21 22 23
24 25 26
27 28 29
30 31 32
33 34 35
36 37 38
39 40 41
42 43 44
45 46 47
48 49 50
51 52 53
54 55 56
57 58 59
60 61 62
63 64 65
63 65 66
67 68 69
67 69 70
71 72 73
71 73 74
75 76 77
75 77 78
79 80 81
79 81 82
83 84 85
83 85 86
87 88 89
87 89 90
91 92 93
91 93 94
95 96 97
95 97 98
99 100 101
99 101 102
103 104 105
103 105 106
107 108 109
107 109 110
111 112 113
111 113 114
115 116 117
115 117 118
119 120 121
119 121 122
123 124 125
123 125 126
127 128 129
127 129 130
131 132 133
131 133 134

roof.png
42
3.86234 0.19509 0.98079
3.85651 -0.00000 1.00000
3.92314 -0.00000 0.78035
3.96231 0.92388 0.38268
4.00000 -0.00000 -0.00001
4.00000 1.00000 -0.00001
3.92314 -0.00000 -0.78037
3.92314 0.61784 -0.78037
3.96231 0.92388 -0.38268
3.98079 0.98079 -0.19509
3.92314 -0.00000 -0.78037
3.87961 0.38268 -0.92388
3.90764 0.55557 -0.83147
3.92314 0.61784 -0.78037
4.00000 -0.00000 -0.00001
3.92314 -0.00000 -0.78037
3.98079 0.98079 -0.19509
4.00000 1.00000 -0.00001
3.92314 0.61786 0.78035
3.92314 -0.00000 0.78035
3.94528 0.83147 0.55557
3.93036 0.70711 0.70711
3.86234 0.19509 0.98079
3.92314 -0.00000 0.78035
3.92314 0.61786 0.78035
3.87960 0.38268 0.92388
3.92314 -0.00000 -0.78037
3.85652 0.00000 -1.00000
3.86234 0.19509 -0.98079
3.87961 0.38268 -0.92388
4.00000 1.00000 -0.00001
4.00000 1.00000 -0.00000
3.98079 0.98079 0.19509
3.96231 0.92388 0.38268
3.92314 -0.00000 0.78035
4.00000 -0.00000 -0.00001
3.96231 0.92388 0.38268
3.94528 0.83147 0.55557
3.92314 0.61784 -0.78037
3.93036 0.70711 -0.70711
3.94528 0.83147 -0.55557
3.96231 0.92388 -0.38268

0.95694 0.00000 0.29028
0.95694 0.00000 0.29028
0.95694 0.00000 0.29028
0.99519 0.00000 0.09801
0.99519 0.00000 0.09801
0.99519 0.00000 0.09801
0.99518 -0.00000 -0.09802
0.99518 -0.00000 -0.09802
0.99518 -0.00000 -0.09802
0.99518 -0.00000 -0.09802
0.95694 0.00000 -0.29028
0.95694 0.00000 -0.29028
0.95694 0.00000 -0.29028
0.95694 0.00000 -0.29028
0.99518 -0.00000 -0.09802
0.99518 -0.00000 -0.09802
0.99518 -0.00000 -0.09802
0.99518 -0.00000 -0.09802
0.99518 -0.00000 0.09802
0.99518 -0.00000 0.09802
0.99518 -0.00000 0.09802
0.99518 -0.00000 0.09802
0.95694 0.00000 0.29028
0.95694 0.00000 0.29028
0.95694 0.00000 0.29028
0.95694 0.00000 0.29028
0.95694 0.00000 -0.29028
0.95694 0.00000 -0.29028
0.95694 0.00000 -0.29028
0.95694 0.00000 -0.29028
0.99519 0.00000 0.09801
0.99519 0.00000 0.09801
0.99519 0.00000 0.09801
0.99519 0.00000 0.09801
0.99518 -0.00000 0.09802
0.99518 -0.00000 0.09802
0.99518 -0.00000 0.09802
0.99518 -0.00000 0.09802
0.99518 -0.00000 -0.09802
0.99518 -0.00000 -0.09802
0.99518 -0.00000 -0.09802
0.99518 -0.00000 -0.09802

-2.35616 -1.57326
-2.50261 -1.55884
-2.50261 -1.72372
-1.80909 -2.02223
-2.50261 -2.30949
-1.75195 -2.30950
-2.50260 3.10993
-2.03882 3.10993
-1.80909 3.40845
-1.76638 3.54927
-2.50260 3.10993
-2.21534 3.00220
-2.08556 3.07157
-2.03882 3.10993
3.50260 3.69571
3.50260 3.10993
4.23883 3.54927
4.25325 3.69571
-2.03881 -1.72372
-2.50261 -1.72372
-1.87846 -1.89245
-1.97181 -1.77870
-2.35616 -1.57326
-2.50261 -1.72372
-2.03881 -1.72372
-2.21534 -1.61598
-2.50260 3.10993
-2.50260 2.94506
-2.35616 2.95949
-2.21534 3.00220
-1.75195 3.69571
-1.75195 3.69571
-1.76638 3.84216
-1.80909 3.98298
3.50260 -1.72372
3.50260 -2.30949
4.19612 -2.02223
4.12675 -1.89245
-2.03882 3.10993
-1.97181 3.16492
-1.87846 3.27868
-1.80909 3.40845

20
0 1 2
3 4 5
6 7 8
6 8 9
10 11 12
10 12 13
14 15 16
14 16 17
18 19 20
18 20 21
22 23 24
22 24 25
26 27 28
26 28 29
30 31 32
30 32 33
34 35 36
34 36 37
38 39 40
38 40 41

demo3.bmp
320
-0.00000 -2.00000 0.00000
-0.00000 -2.00000 2.00000
-0.39018 -2.00000 1.96157
-0.00000 2.00000 0.00000
-0.39018 2.00000 1.96157
-0.00000 2.00000 2.00000
-0.00000 -2.00000 0.00000
-0.39018 -2.00000 1.96157
-0.76537 -2.00000 1.84776
-0.00000 2.00000 0.00000
-0.76537 2.00000 1.84776
-0.39018 2.00000 1.96157
-0.00000 -2.00000 0.00000
-0.76537 -2.00000 1.84776
-1.11114 -2.00000 1.66294
-0.00000 2.00000 0.00000
-1.11114 2.00000 1.66294
-0.76537 2.00000 1.84776
-0.00000 -2.00000 0.00000
-1.11114 -2.00000 1.66294
-1.41421 -2.00000 1.41421
-0.00000 2.00000 0.00000
-1.41422 2.00000 1.41421
-1.11114 2.00000 1.66294
-0.00000 -2.00000 0.00000
-1.41421 -2.00000 1.41421
-1.66294 -2.00000 1.11114
-0.00000 2.00000 0.00000
-1.66294 2.00000 1.11114
-1.41422 2.00000 1.41421
-0.00000 -2.00000 0.00000
-1.66294 -2.00000 1.11114
-1.84776 -2.00000 0.76537
-0.00000 2.00000 0.00000
-1.84776 2.00000 0.76536
-1.66294 2.00000 1.11114
-0.00000 -2.00000 0.00000
-1.84776 -2.00000 0.76537
-1.96157 -2.00000 0.39018
-0.00000 2.00000 0.00000
-1.96157 2.00000 0.39018
-1.84776 2.00000 0.76536
-0.00000 -2.00000 0.00000
-1.96157 -2.00000 0.39018
-2.00000 -2.00000 0.00000
-0.00000 2.00000 0.00000
-2.00000 2.00000 -0.00000
-1.96157 2.00000 0.39018
-0.00000 -2.00000 0.00000
-2.00000 -2.00000 0.00000
-1.96157 -2.00000 -0.39018
-0.00000 2.00000 0.00000
-1.96157 2.00000 -0.39018
-2.00000 2.00000 -0.00000
-0.00000 -2.00000 0.00000
-1.96157 -2.00000 -0.39018
-1.84776 -2.00000 -0.76537
-0.00000 2.00000 0.00000
-1.84776 2.00000 -0.76537
-1.96157 2.00000 -0.39018
-0.00000 -2.00000 0.00000
-1.84776 -2.00000 -0.76537
-1.66294 -2.00000 -1.11114
-0.00000 2.00000 0.00000
-1.66294 2.00000 -1.11114
-1.84776 2.00000 -0.76537
-0.00000 -2.00000 0.00000
-1.66294 -2.00000 -1.11114
-1.41421 -2.00000 -1.41421
-0.00000 2.00000 0.00000
-1.41421 2.00000 -1.41421
-1.66294 2.00000 -1.11114
-0.00000 -2.00000 0.00000
-1.41421 -2.00000 -1.41421
-1.11114 -2.00000 -1.66294
-0.00000 2.00000 0.00000
-1.11114 2.00000 -1.66294
-1.41421 2.00000 -1.41421
-0.00000 -2.00000 0.00000
-1.11114 -2.00000 -1.66294
-0.76537 -2.00000 -1.84776
-0.00000 2.00000 0.00000
-0.76537 2.00000 -1.84776
-1.11114 2.00000 -1.66294
-0.00000 -2.00000 0.00000
-0.76537 -2.00000 -1.84776
-0.39018 -2.00000 -1.96157
-0.00000 2.00000 0.00000
-0.39018 2.00000 -1.96157
-0.76537 2.00000 -1.84776
-0.00000 -2.00000 0.00000
-0.39018 -2.00000 -1.96157
0.00000 -2.00000 -2.00000
-0.00000 2.00000 0.00000
-0.00000 2.00000 -2.00000
-0.39018 2.00000 -1.96157
-0.00000 -2.00000 0.00000
0.00000 -2.00000 -2.00000
0.39018 -2.00000 -1.96157
-0.00000 2.00000 0.00000
0.39018 2.00000 -1.96157
-0.00000 2.00000 -2.00000
-0.00000 -2.00000 0.00000
0.39018 -2.00000 -1.96157
0.76537 -2.00000 -1.84776
-0.00000 2.00000 0.00000
0.76536 2.00000 -1.84776
0.39018 2.00000 -1.96157
-0.00000 -2.00000 0.00000
0.76537 -2.00000 -1.84776
1.11114 -2.00000 -1.66294
-0.00000 2.00000 0.00000
1.11114 2.00000 -1.66294
0.76536 2.00000 -1.84776
-0.00000 -2.00000 0.00000
1.11114 -2.00000 -1.66294
1.41421 -2.00000 -1.41421
-0.00000 2.00000 0.00000
1.41421 2.00000 -1.41422
1.11114 2.00000 -1.66294
-0.00000 -2.00000 0.00000
1.41421 -2.00000 -1.41421
1.66294 -2.00000 -1.11114
-0.00000 2.00000 0.00000
1.66294 2.00000 -1.11115
1.41421 2.00000 -1.41422
-0.00000 -2.00000 0.00000
1.66294 -2.00000 -1.11114
1.84776 -2.00000 -0.76537
-0.00000 2.00000 0.00000
1.84776 2.00000 -0.76537
1.66294 2.00000 -1.11115
-0.00000 -2.00000 0.00000
1.84776 -2.00000 -0.76537
1.96157 -2.00000 -0.39018
-0.00000 2.00000 0.00000
1.96157 2.00000 -0.39019
1.84776 2.00000 -0.76537
-0.00000 -2.00000 0.00000
1.96157 -2.00000 -0.39018
2.00000 -2.00000 0.00000
-0.00000 2.00000 0.00000
2.00000 2.00000 -0.00001
1.96157 2.00000 -0.39019
-0.00000 -2.00000 0.00000
2.00000 -2.00000 0.00000
1.96157 -2.00000 0.39018
-0.00000 2.00000 0.00000
1.96157 2.00000 0.39017
2.00000 2.00000 -0.00001
-0.00000 -2.00000 0.00000
1.96157 -2.00000 0.39018
1.84776 -2.00000 0.76537
-0.00000 2.00000 0.00000
1.84776 2.00000 0.76536
1.96157 2.00000 0.39017
-0.00000 -2.00000 0.00000
1.84776 -2.00000 0.76537
1.66294 -2.00000 1.11114
-0.00000 2.00000 0.00000
1.66295 2.00000 1.11113
1.84776 2.00000 0.76536
-0.00000 -2.00000 0.00000
1.66294 -2.00000 1.11114
1.41421 -2.00000 1.41422
-0.00000 2.00000 0.00000
1.41422 2.00000 1.41421
1.66295 2.00000 1.11113
-0.00000 -2.00000 0.00000
1.41421 -2.00000 1.41422
1.11114 -2.00000 1.66294
-0.00000 2.00000 0.00000
1.11115 2.00000 1.66293
1.41422 2.00000 1.41421
-0.00000 -2.00000 0.00000
1.11114 -2.00000 1.66294
0.76536 -2.00000 1.84776
-0.00000 2.00000 0.00000
0.76538 2.00000 1.84775
1.11115 2.00000 1.66293
-0.00000 -2.00000 0.00000
0.76536 -2.00000 1.84776
0.39018 -2.00000 1.96157
-0.00000 2.00000 0.00000
0.39019 2.00000 1.96157
0.76538 2.00000 1.84775
0.39018 -2.00000 1.96157
-0.00000 -2.00000 2.00000
-0.00000 -2.00000 0.00000
-0.00000 2.00000 0.00000
-0.00000 2.00000 2.00000
0.39019 2.00000 1.96157
-0.00000 -2.00000 2.00000
-0.00000 2.00000 2.00000
-0.39018 2.00000 1.96157
-0.39018 -2.00000 1.96157
-0.39018 -2.00000 1.96157
-0.39018 2.00000 1.96157
-0.76537 2.00000 1.84776
-0.76537 -2.00000 1.84776
-0.76537 -2.00000 1.84776
-0.76537 2.00000 1.84776
-1.11114 2.00000 1.66294
-1.11114 -2.00000 1.66294
-1.11114 -2.00000 1.66294
-1.11114 2.00000 1.66294
-1.41422 2.00000 1.41421
-1.41421 -2.00000 1.41421
-1.41421 -2.00000 1.41421
-1.41422 2.00000 1.41421
-1.66294 2.00000 1.11114
-1.66294 -2.00000 1.11114
-1.66294 -2.00000 1.11114
-1.66294 2.00000 1.11114
-1.84776 2.00000 0.76536
-1.84776 -2.00000 0.76537
-1.84776 -2.00000 0.76537
-1.84776 2.00000 0.76536
-1.96157 2.00000 0.39018
-1.96157 -2.00000 0.39018
-1.96157 -2.00000 0.39018
-1.96157 2.00000 0.39018
-2.00000 2.00000 -0.00000
-2.00000 -2.00000 0.00000
-2.00000 -2.00000 0.00000
-2.00000 2.00000 -0.00000
-1.96157 2.00000 -0.39018
-1.96157 -2.00000 -0.39018
-1.96157 -2.00000 -0.39018
-1.96157 2.00000 -0.39018
-1.84776 2.00000 -0.76537
-1.84776 -2.00000 -0.76537
-1.84776 -2.00000 -0.76537
-1.84776 2.00000 -0.76537
-1.66294 2.00000 -1.11114
-1.66294 -2.00000 -1.11114
-1.66294 -2.00000 -1.11114
-1.66294 2.00000 -1.11114
-1.41421 2.00000 -1.41421
-1.41421 -2.00000 -1.41421
-1.41421 -2.00000 -1.41421
-1.41421 2.00000 -1.41421
-1.11114 2.00000 -1.66294
-1.11114 -2.00000 -1.66294
-1.11114 -2.00000 -1.66294
-1.11114 2.00000 -1.66294
-0.76537 2.00000 -1.84776
-0.76537 -2.00000 -1.84776
-0.76537 -2.00000 -1.84776
-0.76537 2.00000 -1.84776
-0.39018 2.00000 -1.96157
-0.39018 -2.00000 -1.96157
-0.39018 -2.00000 -1.96157
-0.39018 2.00000 -1.96157
-0.00000 2.00000 -2.00000
0.00000 -2.00000 -2.00000
0.00000 -2.00000 -2.00000
-0.00000 2.00000 -2.00000
0.39018 2.00000 -1.96157
0.39018 -2.00000 -1.96157
0.39018 -2.00000 -1.96157
0.39018 2.00000 -1.96157
0.76536 2.00000 -1.84776
0.76537 -2.00000 -1.84776
0.76537 -2.00000 -1.84776
0.76536 2.00000 -1.84776
1.11114 2.00000 -1.66294
1.11114 -2.00000 -1.66294
1.11114 -2.00000 -1.66294
1.11114 2.00000 -1.66294
1.41421 2.00000 -1.41422
1.41421 -2.00000 -1.41421
1.41421 -2.00000 -1.41421
1.41421 2.00000 -1.41422
1.66294 2.00000 -1.11115
1.66294 -2.00000 -1.11114
1.66294 -2.00000 -1.11114
1.66294 2.00000 -1.11115
1.84776 2.00000 -0.76537
1.84776 -2.00000 -0.76537
1.84776 -2.00000 -0.76537
1.84776 2.00000 -0.76537
1.96157 2.00000 -0.39019
1.96157 -2.00000 -0.39018
1.96157 -2.00000 -0.39018
1.96157 2.00000 -0.39019
2.00000 2.00000 -0.00001
2.00000 -2.00000 0.00000
2.00000 -2.00000 0.00000
2.00000 2.00000 -0.00001
1.96157 2.00000 0.39017
1.96157 -2.00000 0.39018
1.96157 -2.00000 0.39018
1.96157 2.00000 0.39017
1.84776 2.00000 0.76536
1.84776 -2.00000 0.76537
1.84776 -2.00000 0.76537
1.84776 2.00000 0.76536
1.66295 2.00000 1.11113
1.66294 -2.00000 1.11114
1.66294 -2.00000 1.11114
1.66295 2.00000 1.11113
1.41422 2.00000 1.41421
1.41421 -2.00000 1.41422
1.41421 -2.00000 1.41422
1.41422 2.00000 1.41421
1.11115 2.00000 1.66293
1.11114 -2.00000 1.66294
1.11114 -2.00000 1.66294
1.11115 2.00000 1.66293
0.76538 2.00000 1.84775
0.76536 -2.00000 1.84776
0.76536 -2.00000 1.84776
0.76538 2.00000 1.84775
0.39019 2.00000 1.96157
0.39018 -2.00000 1.96157
-0.00000 2.00000 2.00000
-0.00000 -2.00000 2.00000
0.39018 -2.00000 1.96157
0.39019 2.00000 1.96157

-0.00000 -1.00000 0.00000
-0.00000 -1.00000 0.00000
-0.00000 -1.00000 0.00000
-0.00000 1.00000 0.00000
-0.00000 1.00000 0.00000
-0.00000 1.00000 0.00000
-0.00000 -1.00000 0.00000
-0.00000 -1.00000 0.00000
-0.00000 -1.00000 0.00000
-0.00000 1.00000 0.00000
-0.00000 1.00000 0.00000
-0.00000 1.00000 0.00000
-0.00000 -1.00000 0.00000
-0.00000 -1.00000 0.00000
-0.00000 -1.00000 0.00000
-0.00000 1.00000 0.00000
-0.00000 1.00000 0.00000
-0.00000 1.00000 0.00000
-0.00000 -1.00000 0.00000
-0.00000 -1.00000 0.00000
-0.00000 -1.00000 0.00000
-0.00000 1.00000 0.00000
-0.00000 1.00000 0.00000
-0.00000 1.00000 0.00000
-0.00000 -1.00000 0.00000
-0.00000 -1.00000 0.00000
-0.00000 -1.00000 0.00000
-0.00000 1.00000 0.00000
-0.00000 1.00000 0.00000
-0.00000 1.00000 0.00000
-0.00000 -1.00000 0.00000
-0.00000 -1.00000 0.00000
-0.00000 -1.00000 0.00000
-0.00000 1.00000 0.00000
-0.00000 1.00000 0.00000
-0.00000 1.00000 0.00000
-0.00000 -1.00000 0.00000
-0.00000 -1.00000 0.00000
-0.00000 -1.00000 0.00000
-0.00000 1.00000 0.00000
-0.00000 1.00000 0.00000
-0.00000 1.00000 0.00000
-0.00000 -1.00000 0.00000
-0.00000 -1.00000 0.00000
-0.00000 -1.00000 0.00000
-0.00000 1.00000 0.00000
-0.00000 1.00000 0.00000
-0.00000 1.00000 0.00000
-0.00000 -1.00000 0.00000
-0.00000 -1.00000 0.00000
-0.00000 -1.00000 0.00000
-0.00000 1.00000 0.00000
-0.00000 1.00000 0.00000
-0.00000 1.00000 0.00000
-0.00000 -1.00000 0.00000
-0.00000 -1.00000 0.00000
-0.00000 -1.00000 0.00000
-0.00000 1.00000 0.00000
-0.00000 1.00000 0.00000
-0.00000 1.00000 0.00000
-0.00000 -1.00000 0.00000
-0.00000 -1.00000 0.00000
-0.00000 -1.00000 0.00000
-0.00000 1.00000 0.00000
-0.00000 1.00000 0.00000
-0.00000 1.00000 0.00000
-0.00000 -1.00000 0.00000
-0.00000 -1.00000 0.00000
-0.00000 -1.00000 0.00000
-0.00000 1.00000 0.00000
-0.00000 1.00000 0.00000
-0.00000 1.00000 0.00000
-0.00000 -1.00000 0.00000
-0.00000 -1.00000 0.00000
-0.00000 -1.00000 0.00000
-0.00000 1.00000 0.00000
-0.00000 1.00000 0.00000
-0.00000 1.00000 0.00000
-0.00000 -1.00000 0.00000
-0.00000 -1.00000 0.00000
-0.00000 -1.00000 0.00000
-0.00000 1.00000 0.00000
-0.00000 1.00000 0.00000
-0.00000 1.00000 0.00000
-0.00000 -1.00000 0.00000
-0.00000 -1.00000 0.00000
-0.00000 -1.00000 0.00000
-0.00000 1.00000 0.00000
-0.00000 1.00000 0.00000
-0.00000 1.00000 0.00000
-0.00000 -1.00000 0.00000
-0.00000 -1.00000 0.00000
-0.00000 -1.00000 0.00000
-0.00000 1.00000 0.00000
-0.00000 1.00000 0.00000
-0.00000 1.00000 0.00000
-0.00000 -1.00000 0.00000
-0.00000 -1.00000 0.00000
-0.00000 -1.00000 0.00000
-0.00000 1.00000 0.00000
-0.00000 1.00000 0.00000
-0.00000 1.00000 0.00000
-0.00000 -1.00000 0.00000
-0.00000 -1.00000 0.00000
-0.00000 -1.00000 0.00000
-0.00000 1.00000 0.00000
-0.00000 1.00000 0.00000
-0.00000 1.00000 0.00000
-0.00000 -1.00000 0.00000
-0.00000 -1.00000 0.00000
-0.00000 -1.00000 0.00000
-0.00000 1.00000 0.00000
-0.00000 1.00000 0.00000
-0.00000 1.00000 0.00000
-0.00000 -1.00000 0.00000
-0.00000 -1.00000 0.00000
-0.00000 -1.00000 0.00000
-0.00000 1.00000 0.00000
-0.00000 1.00000 0.00000
-0.00000 1.00000 0.00000
-0.00000 -1.00000 0.00000
-0.00000 -1.00000 0.00000
-0.00000 -1.00000 0.00000
-0.00000 1.00000 0.00000
-0.00000 1.00000 0.00000
-0.00000 1.00000 0.00000
-0.00000 -1.00000 0.00000
-0.00000 -1.00000 0.00000
-0.00000 -1.00000 0.00000
-0.00000 1.00000 0.00000
-0.00000 1.00000 0.00000
-0.00000 1.00000 0.00000
-0.00000 -1.00000 0.00000
-0.00000 -1.00000 0.00000
-0.00000 -1.00000 0.00000
-0.00000 1.00000 0.00000
-0.00000 1.00000 0.00000
-0.00000 1.00000 0.00000
-0.00000 -1.00000 0.00000
-0.00000 -1.00000 0.00000
-0.00000 -1.00000 0.00000
-0.00000 1.00000 0.00000
-0.00000 1.00000 0.00000
-0.00000 1.00000 0.00000
-0.00000 -1.00000 0.00000
-0.00000 -1.00000 0.00000
-0.00000 -1.00000 0.00000
-0.00000 1.00000 0.00000
-0.00000 1.00000 0.00000
-0.00000 1.00000 0.00000
-0.00000 -1.00000 0.00000
-0.00000 -1.00000 0.00000
-0.00000 -1.00000 0.00000
-0.00000 1.00000 0.00000
-0.00000 1.00000 0.00000
-0.00000 1.00000 0.00000
-0.00000 -1.00000 0.00000
-0.00000 -1.00000 0.00000
-0.00000 -1.00000 0.00000
-0.00000 1.00000 0.00000
-0.00000 1.00000 0.00000
-0.00000 1.00000 0.00000
-0.00000 -1.00000 0.00000
-0.00000 -1.00000 0.00000
-0.00000 -1.00000 0.00000
-0.00000 1.00000 0.00000
-0.00000 1.00000 0.00000
-0.00000 1.00000 0.00000
-0.00000 -1.00000 0.00000
-0.00000 -1.00000 0.00000
-0.00000 -1.00000 0.00000
-0.00000 1.00000 0.00000
-0.00000 1.00000 0.00000
-0.00000 1.00000 0.00000
-0.00000 -1.00000 0.00000
-0.00000 -1.00000 0.00000
-0.00000 -1.00000 0.00000
-0.00000 1.00000 0.00000
-0.00000 1.00000 0.00000
-0.00000 1.00000 0.00000
-0.00000 -1.00000 0.00000
-0.00000 -1.00000 0.00000
-0.00000 -1.00000 0.00000
-0.00000 1.00000 0.00000
-0.00000 1.00000 0.00000
-0.00000 1.00000 0.00000
-0.00000 -1.00000 0.00000
-0.00000 -1.00000 0.00000
-0.00000 -1.00000 0.00000
-0.00000 1.00000 0.00000
-0.00000 1.00000 0.00000
-0.00000 1.00000 0.00000
-0.09802 -0.00000 0.99518
-0.09802 -0.00000 0.99518
-0.09802 -0.00000 0.99518
-0.09802 -0.00000 0.99518
-0.29029 -0.00000 0.95694
-0.29029 -0.00000 0.95694
-0.29029 -0.00000 0.95694
-0.29029 -0.00000 0.95694
-0.47140 -0.00000 0.88192
-0.47140 -0.00000 0.88192
-0.47140 -0.00000 0.88192
-0.47140 -0.00000 0.88192
-0.63439 -0.00000 0.77301
-0.63439 -0.00000 0.77301
-0.63439 -0.00000 0.77301
-0.63439 -0.00000 0.77301
-0.77301 0.00000 0.63439
-0.77301 0.00000 0.63439
-0.77301 0.00000 0.63439
-0.77301 0.00000 0.63439
-0.88192 -0.00000 0.47140
-0.88192 -0.00000 0.47140
-0.88192 -0.00000 0.47140
-0.88192 -0.00000 0.47140
-0.95694 -0.00000 0.29028
-0.95694 -0.00000 0.29028
-0.95694 -0.00000 0.29028
-0.95694 -0.00000 0.29028
-0.99518 -0.00000 0.09802
-0.99518 -0.00000 0.09802
-0.99518 -0.00000 0.09802
-0.99518 -0.00000 0.09802
-0.99518 -0.00000 -0.09802
-0.99518 -0.00000 -0.09802
-0.99518 -0.00000 -0.09802
-0.99518 -0.00000 -0.09802
-0.95694 -0.00000 -0.29029
-0.95694 -0.00000 -0.29029
-0.95694 -0.00000 -0.29029
-0.95694 -0.00000 -0.29029
-0.88192 -0.00000 -0.47140
-0.88192 -0.00000 -0.47140
-0.88192 -0.00000 -0.47140
-0.88192 -0.00000 -0.47140
-0.77301 -0.00000 -0.63439
-0.77301 -0.00000 -0.63439
-0.77301 -0.00000 -0.63439
-0.77301 -0.00000 -0.63439
-0.63439 -0.00000 -0.77301
-0.63439 -0.00000 -0.77301
-0.63439 -0.00000 -0.77301
-0.63439 -0.00000 -0.77301
-0.47140 -0.00000 -0.88192
-0.47140 -0.00000 -0.88192
-0.47140 -0.00000 -0.88192
-0.47140 -0.00000 -0.88192
-0.29028 -0.00000 -0.95694
-0.29028 -0.00000 -0.95694
-0.29028 -0.00000 -0.95694
-0.29028 -0.00000 -0.95694
-0.09802 -0.00000 -0.99518
-0.09802 -0.00000 -0.99518
-0.09802 -0.00000 -0.99518
-0.09802 -0.00000 -0.99518
0.09802 -0.00000 -0.99518
0.09802 -0.00000 -0.99518
0.09802 -0.00000 -0.99518
0.09802 -0.00000 -0.99518
0.29028 -0.00000 -0.95694
0.29028 -0.00000 -0.95694
0.29028 -0.00000 -0.95694
0.29028 -0.00000 -0.95694
0.47140 -0.00000 -0.88192
0.47140 -0.00000 -0.88192
0.47140 -0.00000 -0.88192
0.47140 -0.00000 -0.88192
0.63439 0.00000 -0.77301
0.63439 0.00000 -0.77301
0.63439 0.00000 -0.77301
0.63439 0.00000 -0.77301
0.77301 0.00000 -0.63439
0.77301 0.00000 -0.63439
0.77301 0.00000 -0.63439
0.77301 0.00000 -0.63439
0.88192 0.00000 -0.47140
0.88192 0.00000 -0.47140
0.88192 0.00000 -0.47140
0.88192 0.00000 -0.47140
0.95694 -0.00000 -0.29029
0.95694 -0.00000 -0.29029
0.95694 -0.00000 -0.29029
0.95694 -0.00000 -0.29029
0.99518 -0.00000 -0.09802
0.99518 -0.00000 -0.09802
0.99518 -0.00000 -0.09802
0.99518 -0.00000 -0.09802
0.99518 -0.00000 0.09802
0.99518 -0.00000 0.09802
0.99518 -0.00000 0.09802
0.99518 -0.00000 0.09802
0.95694 -0.00000 0.29028
0.95694 -0.00000 0.29028
0.95694 -0.00000 0.29028
0.95694 -0.00000 0.29028
0.88192 -0.00000 0.47139
0.88192 -0.00000 0.47139
0.88192 -0.00000 0.47139
0.88192 -0.00000 0.47139
0.77301 -0.00000 0.63439
0.77301 -0.00000 0.63439
0.77301 -0.00000 0.63439
0.77301 -0.00000 0.63439
0.63440 -0.00000 0.77301
0.63440 -0.00000 0.77301
0.63440 -0.00000 0.77301
0.63440 -0.00000 0.77301
0.47140 -0.00000 0.88192
0.47140 -0.00000 0.88192
0.47140 -0.00000 0.88192
0.47140 -0.00000 0.88192
0.29029 -0.00000 0.95694
0.29029 -0.00000 0.95694
0.29029 -0.00000 0.95694
0.29029 -0.00000 0.95694
0.09802 0.00000 0.99518
0.09802 0.00000 0.99518
0.09802 0.00000 0.99518
0.09802 0.00000 0.99518

0.00000 0.50000
0.92022 0.50000
0.90254 0.67953
0.00000 0.50000
0.90254 0.67953
0.92022 0.50000
0.00000 0.50000
0.90254 0.67953
0.85017 0.85215
0.00000 0.50000
0.85017 0.85215
0.90254 0.67953
0.00000 0.50000
0.85017 0.85215
0.76513 1.01125
0.00000 0.50000
0.76513 1.01125
0.85017 0.85215
0.00000 0.50000
0.76513 1.01125
0.65069 1.15069
0.00000 0.50000
0.65069 1.15069
0.76513 1.01125
0.00000 0.50000
0.65069 1.15069
0.51125 1.26513
0.00000 0.50000
0.51125 1.26514
0.65069 1.15069
0.00000 0.50000
0.51125 1.26513
0.35215 1.35017
0.00000 0.50000
0.35215 1.35017
0.51125 1.26514
0.00000 0.50000
0.35215 1.35017
0.17953 1.40254
0.00000 0.50000
0.17952 1.40254
0.35215 1.35017
0.00000 0.50000
0.17953 1.40254
0.00000 1.42022
0.00000 0.50000
-0.00000 1.42022
0.17952 1.40254
0.00000 0.50000
0.00000 1.42022
-0.17953 1.40254
0.00000 0.50000
-0.17953 1.40254
-0.00000 1.42022
0.00000 0.50000
-0.17953 1.40254
-0.35215 1.35017
0.00000 0.50000
-0.35215 1.35017
-0.17953 1.40254
0.00000 0.50000
-0.35215 1.35017
-0.51125 1.26513
0.00000 0.50000
-0.51125 1.26513
-0.35215 1.35017
0.00000 0.50000
-0.51125 1.26513
-0.65069 1.15069
0.00000 0.50000
-0.65069 1.15069
-0.51125 1.26513
0.00000 0.50000
-0.65069 1.15069
-0.76513 1.01125
0.00000 0.50000
-0.76513 1.01125
-0.65069 1.15069
0.00000 0.50000
-0.76513 1.01125
-0.85017 0.85215
0.00000 0.50000
-0.85017 0.85215
-0.76513 1.01125
0.00000 0.50000
-0.85017 0.85215
-0.90254 0.67953
0.00000 0.50000
-0.90254 0.67953
-0.85017 0.85215
0.00000 0.50000
-0.90254 0.67953
-0.92022 0.50000
0.00000 0.50000
-0.92022 0.50000
-0.90254 0.67953
0.00000 0.50000
-0.92022 0.50000
-0.90254 0.32047
0.00000 0.50000
-0.90254 0.32048
-0.92022 0.50000
0.00000 0.50000
-0.90254 0.32047
-0.85017 0.14785
0.00000 0.50000
-0.85017 0.14785
-0.90254 0.32048
0.00000 0.50000
-0.85017 0.14785
-0.76513 -0.01125
0.00000 0.50000
-0.76514 -0.01124
-0.85017 0.14785
0.00000 0.50000
-0.76513 -0.01125
-0.65069 -0.15069
0.00000 0.50000
-0.65070 -0.15069
-0.76514 -0.01124
0.00000 0.50000
-0.65069 -0.15069
-0.51125 -0.26513
0.00000 0.50000
-0.51125 -0.26513
-0.65070 -0.15069
0.00000 0.50000
-0.51125 -0.26513
-0.35215 -0.35017
0.00000 0.50000
-0.35216 -0.35017
-0.51125 -0.26513
0.00000 0.50000
-0.35215 -0.35017
-0.17953 -0.40254
0.00000 0.50000
-0.17953 -0.40254
-0.35216 -0.35017
0.00000 0.50000
-0.17953 -0.40254
0.00000 -0.42022
0.00000 0.50000
-0.00000 -0.42022
-0.17953 -0.40254
0.00000 0.50000
0.00000 -0.42022
0.17953 -0.40254
0.00000 0.50000
0.17952 -0.40254
-0.00000 -0.42022
0.00000 0.50000
0.17953 -0.40254
0.35215 -0.35017
0.00000 0.50000
0.35215 -0.35017
0.17952 -0.40254
0.00000 0.50000
0.35215 -0.35017
0.51125 -0.26513
0.00000 0.50000
0.51124 -0.26514
0.35215 -0.35017
0.00000 0.50000
0.51125 -0.26513
0.65069 -0.15069
0.00000 0.50000
0.65069 -0.15070
0.51124 -0.26514
0.00000 0.50000
0.65069 -0.15069
0.76514 -0.01125
0.00000 0.50000
0.76513 -0.01125
0.65069 -0.15070
0.00000 0.50000
0.76514 -0.01125
0.85017 0.14785
0.00000 0.50000
0.85017 0.14784
0.76513 -0.01125
0.00000 0.50000
0.85017 0.14785
0.90254 0.32048
0.00000 0.50000
0.90254 0.32047
0.85017 0.14784
0.90254 0.32048
0.92022 0.50000
0.00000 0.50000
0.00000 0.50000
0.92022 0.50000
0.90254 0.32047
-0.79672 4.06412
1.01613 4.06411
1.02302 3.82636
-0.78982 3.82636
-0.78982 3.82636
1.02302 3.82636
1.02992 3.58860
-0.78293 3.58860
-0.78293 3.58860
1.02992 3.58860
1.03681 3.35084
-0.77603 3.35085
-0.77603 3.35085
1.03681 3.35084
1.04371 3.11308
-0.76914 3.11309
-0.76914 3.11309
1.04371 3.11308
1.05060 2.87532
-0.76224 2.87533
-0.76224 2.87533
1.05060 2.87532
1.05750 2.63756
-0.75535 2.63757
-0.75535 2.63757
1.05750 2.63756
1.06439 2.39980
-0.74845 2.39981
-0.74845 2.39981
1.06439 2.39980
1.07128 2.16205
-0.74155 2.16205
-0.74155 2.16205
1.07128 2.16205
1.07818 1.92429
-0.73466 1.92430
-0.73466 1.92430
1.07818 1.92429
1.08507 1.68654
-0.72776 1.68654
-0.72776 1.68654
1.08507 1.68654
1.09197 1.44878
-0.72086 1.44878
-0.72086 1.44878
1.09197 1.44878
1.09886 1.21103
-0.71397 1.21103
-0.71397 1.21103
1.09886 1.21103
1.10576 0.97327
-0.70707 0.97327
-0.70707 0.97327
1.10576 0.97327
1.09789 0.73578
-0.71494 0.73577
-0.71494 0.73577
1.09789 0.73578
1.09002 0.49828
-0.72281 0.49828
-0.72281 0.49828
1.09002 0.49828
1.08215 0.26079
-0.73067 0.26078
-0.73067 0.26078
1.08215 0.26079
1.07428 0.02329
-0.73854 0.02329
-0.73854 0.02329
1.07428 0.02329
1.06641 -0.21420
-0.74641 -0.21421
-0.74641 -0.21421
1.06641 -0.21420
1.05855 -0.45169
-0.75428 -0.45170
-0.75428 -0.45170
1.05855 -0.45169
1.05068 -0.68919
-0.76215 -0.68919
-0.76215 -0.68919
1.05068 -0.68919
1.04281 -0.92668
-0.77001 -0.92669
-0.77001 -0.92669
1.04281 -0.92668
1.03494 -1.16417
-0.77788 -1.16418
-0.77788 -1.16418
1.03494 -1.16417
1.02707 -1.40167
-0.78575 -1.40168
-0.78575 -1.40168
1.02707 -1.40167
1.01920 -1.63916
-0.79362 -1.63917
-0.79362 -1.63917
1.01920 -1.63916
1.01133 -1.87666
-0.80149 -1.87666
-0.80149 -1.87666
1.01133 -1.87666
1.00346 -2.11415
-0.80936 -2.11416
-0.80936 -2.11416
1.00346 -2.11415
0.99559 -2.35164
-0.81722 -2.35165
-0.81722 -2.35165
0.99559 -2.35164
0.98772 -2.58914
-0.82509 -2.58914
-0.82509 -2.58914
0.98772 -2.58914
0.97986 -2.82663
-0.83296 -2.82663
-0.83296 -2.82663
0.97986 -2.82663
0.97199 -3.06413
-0.84083 -3.06413
-0.84083 -3.06413
0.97199 -3.06413
0.96411 -3.30162
-0.84870 -3.30162
1.01613 4.06411
-0.79672 4.06412
-0.78885 4.30162
1.02400 4.30161

128
0 1 2
3 4 5
6 7 8
9 10 11
12 13 14
15 16 17
18 19 20
21 22 23
24 25 26
27 28 29
30 31 32
33 34 35
36 37 38
39 40 41
42 43 44
45 46 47
48 49 50
51 52 53
54 55 56
57 58 59
60 61 62
63 64 65
66 67 68
69 70 71
72 73 74
75 76 77
78 79 80
81 82 83
84 85 86
87 88 89
90 91 92
93 94 95
96 97 98
99 100 101
102 103 104
105 106 107
108 109 110
111 112 113
114 115 116
117 118 119
120 121 122
123 124 125
126 127 128
129 130 131
132 133 134
135 136 137
138 139 140
141 142 143
144 145 146
147 148 149
150 151 152
153 154 155
156 157 158
159 160 161
162 163 164
165 166 167
168 169 170
171 172 173
174 175 176
177 178 179
180 181 182
183 184 185
186 187 188
189 190 191
192 193 194
192 194 195
196 197 198
196 198 199
200 201 202
200 202 203
204 205 206
204 206 207
208 209 210
208 210 211
212 213 214
212 214 215
216 217 218
216 218 219
220 221 222
220 222 223
224 225 226
224 226 227
228 229 230
228 230 231
232 233 234
232 234 235
236 237 238
236 238 239
240 241 242
240 242 243
244 245 246
244 246 247
248 249 250
248 250 251
252 253 254
252 254 255
256 257 258
256 258 259
260 261 262
260 262 263
264 265 266
264 266 267
268 269 270
268 270 271
272 273 274
272 274 275
276 277 278
276 278 279
280 281 282
280 282 283
284 285 286
284 286 287
288 289 290
288 290 291
292 293 294
292 294 295
296 297 298
296 298 299
300 301 302
300 302 303
304 305 306
304 306 307
308 309 310
308 310 311
312 313 314
312 314 315
316 317 318
316 318 319

