3
demo3.bmp
24
0.70000 1.00000 1.00000
0.70000 1.00000 -1.00000
1.00000 1.00000 -1.00000
1.00000 1.00000 1.00000
0.70000 1.50000 1.00000
1.00000 1.50000 1.00000
1.00000 1.50000 -1.00000
0.70000 1.50000 -1.00000
0.70000 1.00000 1.00000
0.70000 1.50000 1.00000
0.70000 1.50000 -1.00000
0.70000 1.00000 -1.00000
0.70000 1.00000 -1.00000
0.70000 1.50000 -1.00000
1.00000 1.50000 -1.00000
1.00000 1.00000 -1.00000
1.00000 1.00000 -1.00000
1.00000 1.50000 -1.00000
1.00000 1.50000 1.00000
1.00000 1.00000 1.00000
0.70000 1.50000 1.00000
0.70000 1.00000 1.00000
1.00000 1.00000 1.00000
1.00000 1.50000 1.00000

-0.00000 -1.00000 0.00000
-0.00000 -1.00000 0.00000
-0.00000 -1.00000 0.00000
-0.00000 -1.00000 0.00000
-0.00000 1.00000 0.00000
-0.00000 1.00000 0.00000
-0.00000 1.00000 0.00000
-0.00000 1.00000 0.00000
-1.00000 0.00000 -0.00000
-1.00000 0.00000 -0.00000
-1.00000 0.00000 -0.00000
-1.00000 0.00000 -0.00000
0.00000 -0.00000 -1.00000
0.00000 -0.00000 -1.00000
0.00000 -0.00000 -1.00000
0.00000 -0.00000 -1.00000
1.00000 -0.00000 0.00000
1.00000 -0.00000 0.00000
1.00000 -0.00000 0.00000
1.00000 -0.00000 0.00000
-0.00000 0.00000 1.00000
-0.00000 0.00000 1.00000
-0.00000 0.00000 1.00000
-0.00000 0.00000 1.00000

0.00000 0.15000
-1.00000 0.15000
-1.00000 -0.00000
0.00000 0.00000
1.00000 0.15000
1.00000 0.00000
0.00000 -0.00000
-0.00000 0.15000
0.00000 0.00000
0.25000 -0.00000
0.25000 -1.00000
0.00000 -1.00000
0.00000 0.15000
0.25000 0.15000
0.25000 -0.00000
0.00000 -0.00000
0.00000 0.00000
0.25000 0.00000
0.25000 1.00000
0.00000 1.00000
0.25000 0.15000
0.00000 0.15000
0.00000 0.00000
0.25000 0.00000

12
0 1 2
0 2 3
4 5 6
4 6 7
8 9 10
8 10 11
12 13 14
12 14 15
16 17 18
16 18 19
20 21 22
20 22 23

demo3.bmp
32
-1.00000 -1.00000 1.00000
-1.00000 1.00000 1.00000
-1.00000 1.00000 -1.00000
-1.00000 -1.00000 -1.00000
1.00000 -1.00000 -1.00000
1.00000 1.00000 -1.00000
1.00000 1.00000 1.00000
1.00000 -1.00000 1.00000
0.70000 1.00000 -1.00000
1.00000 1.00000 -1.00000
1.00000 -1.00000 -1.00000
0.70000 -1.00000 -1.00000
0.70000 -1.00000 1.00000
1.00000 -1.00000 1.00000
1.00000 1.00000 1.00000
0.70000 1.00000 1.00000
-1.00000 1.00000 -1.00000
-0.70000 1.00000 -1.00000
-0.70000 -1.00000 -1.00000
-1.00000 -1.00000 -1.00000
-0.70000 1.00000 -1.00000
0.70000 1.00000 -1.00000
0.70000 -1.00000 -1.00000
-0.70000 -1.00000 -1.00000
-1.00000 -1.00000 1.00000
-0.70000 -1.00000 1.00000
-0.70000 1.00000 1.00000
-1.00000 1.00000 1.00000
-0.70000 -1.00000 1.00000
0.70000 -1.00000 1.00000
0.70000 1.00000 1.00000
-0.70000 1.00000 1.00000

-1.00000 0.00000 -0.00000
-1.00000 0.00000 -0.00000
-1.00000 0.00000 -0.00000
-1.00000 0.00000 -0.00000
1.00000 -0.00000 0.00000
1.00000 -0.00000 0.00000
1.00000 -0.00000 0.00000
1.00000 -0.00000 0.00000
0.00000 -0.00000 -1.00000
0.00000 -0.00000 -1.00000
0.00000 -0.00000 -1.00000
0.00000 -0.00000 -1.00000
-0.00000 0.00000 1.00000
-0.00000 0.00000 1.00000
-0.00000 0.00000 1.00000
-0.00000 0.00000 1.00000
0.00000 -0.00000 -1.00000
0.00000 -0.00000 -1.00000
0.00000 -0.00000 -1.00000
0.00000 -0.00000 -1.00000
0.00000 -0.00000 -1.00000
0.00000 -0.00000 -1.00000
0.00000 -0.00000 -1.00000
0.00000 -0.00000 -1.00000
-0.00000 0.00000 1.00000
-0.00000 0.00000 1.00000
-0.00000 0.00000 1.00000
-0.00000 0.00000 1.00000
-0.00000 0.00000 1.00000
-0.00000 0.00000 1.00000
-0.00000 0.00000 1.00000
-0.00000 0.00000 1.00000

0.00000 0.00000
1.00000 -0.00000
1.00000 -1.00000
0.00000 -1.00000
0.00000 0.00000
1.00000 0.00000
1.00000 1.00000
0.00000 1.00000
1.00000 -0.50000
1.00000 -1.00000
0.00000 -1.00000
0.00000 -0.50000
-1.00000 -0.50000
-1.00000 -1.00000
0.00000 -1.00000
0.00000 -0.50000
1.00000 -0.00000
1.00000 -0.25000
0.00000 -0.25000
0.00000 0.00000
1.00000 -0.25000
1.00000 -0.50000
0.00000 -0.50000
0.00000 -0.25000
-1.00000 -0.00000
-1.00000 -0.25000
0.00000 -0.25000
0.00000 0.00000
-1.00000 -0.25000
-1.00000 -0.50000
0.00000 -0.50000
0.00000 -0.25000

16
0 1 2
0 2 3
4 5 6
4 6 7
8 9 10
8 10 11
12 13 14
12 14 15
16 17 18
16 18 19
20 21 22
20 22 23
24 25 26
24 26 27
28 29 30
28 30 31

floor1.bmp
8
-0.70000 1.00000 1.00000
0.70000 1.00000 1.00000
0.70000 1.00000 -1.00000
-0.70000 1.00000 -1.00000
-1.00000 1.00000 1.00000
-0.70000 1.00000 1.00000
-0.70000 1.00000 -1.00000
-1.00000 1.00000 -1.00000

-0.00000 1.00000 0.00000
-0.00000 1.00000 0.00000
-0.00000 1.00000 0.00000
-0.00000 1.00000 0.00000
-0.00000 1.00000 0.00000
-0.00000 1.00000 0.00000
-0.00000 1.00000 0.00000
-0.00000 1.00000 0.00000

1.00000 0.85000
1.00000 0.15000
-0.00000 0.15000
-0.00000 0.85000
1.00000 0.00000
1.00000 -0.15000
-0.00000 -0.15000
-0.00000 -0.00000

4
0 1 2
0 2 3
4 5 6
4 6 7

