2
demo3.bmp
120
1.00000 -0.28770 -2.24735
-1.00000 -0.28770 -2.24735
-1.00000 -0.47632 -2.70810
1.00000 -0.47632 -2.70810
1.00000 -0.11193 -1.77973
-1.00000 -0.11193 -1.77973
-1.00000 -0.28770 -2.24735
1.00000 -0.28770 -2.24735
1.00000 -0.01863 -1.28482
-1.00000 -0.01863 -1.28482
-1.00000 -0.11193 -1.77973
1.00000 -0.11193 -1.77973
1.00000 0.06393 -0.78996
-1.00000 0.06393 -0.78996
-1.00000 -0.01863 -1.28482
1.00000 -0.01863 -1.28482
1.00000 0.11932 -0.29159
-1.00000 0.11932 -0.29159
-1.00000 0.06393 -0.78996
1.00000 0.06393 -0.78996
1.00000 0.16622 0.20712
-1.00000 0.16622 0.20712
-1.00000 0.11932 -0.29159
1.00000 0.11932 -0.29159
1.00000 0.20080 0.70675
-1.00000 0.20080 0.70675
-1.00000 0.16622 0.20712
1.00000 0.16622 0.20712
1.00000 0.22749 1.20667
-1.00000 0.22749 1.20667
-1.00000 0.20080 0.70675
1.00000 0.20080 0.70675
1.00000 0.24745 1.70690
-1.00000 0.24745 1.70690
-1.00000 0.22749 1.20667
1.00000 0.22749 1.20667
1.00000 0.25929 2.20738
-1.00000 0.25929 2.20738
-1.00000 0.24745 1.70690
1.00000 0.24745 1.70690
1.00000 0.26715 2.70810
-1.00000 0.26715 2.70810
-1.00000 0.25929 2.20738
1.00000 0.25929 2.20738
-1.00000 -0.28770 -2.24735
-1.00000 0.47632 -2.69343
-1.00000 -0.47632 -2.70810
-1.00000 -0.28770 -2.24735
-1.00000 -0.11193 -1.77973
-1.00000 0.47632 -2.69343
-1.00000 -0.11193 -1.77973
-1.00000 -0.01863 -1.28482
-1.00000 0.47632 -2.69343
-1.00000 0.06393 -0.78996
-1.00000 0.47632 -2.69343
-1.00000 -0.01863 -1.28482
-1.00000 0.11932 -0.29159
-1.00000 0.47632 -2.69343
-1.00000 0.06393 -0.78996
-1.00000 0.16622 0.20712
-1.00000 0.47632 -2.69343
-1.00000 0.11932 -0.29159
-1.00000 0.20080 0.70675
-1.00000 0.47632 -2.69343
-1.00000 0.16622 0.20712
-1.00000 0.22749 1.20667
-1.00000 0.47632 -2.69343
-1.00000 0.20080 0.70675
-1.00000 0.24745 1.70690
-1.00000 0.47632 -2.69343
-1.00000 0.22749 1.20667
-1.00000 0.24745 1.70690
-1.00000 0.25929 2.20738
-1.00000 0.47632 -2.69343
-1.00000 0.25929 2.20738
-1.00000 0.26715 2.70810
-1.00000 0.47632 -2.69343
-1.00000 0.26715 2.70810
-1.00000 0.47632 2.70657
-1.00000 0.47632 -2.69343
1.00000 0.26715 2.70810
1.00000 0.47632 2.70657
-1.00000 0.47632 2.70657
-1.00000 0.26715 2.70810
1.00000 -0.47632 -2.70810
1.00000 0.47632 -2.69343
1.00000 -0.28770 -2.24735
1.00000 -0.28770 -2.24735
1.00000 0.47632 -2.69343
1.00000 -0.11193 -1.77973
1.00000 -0.11193 -1.77973
1.00000 0.47632 -2.69343
1.00000 -0.01863 -1.28482
1.00000 -0.01863 -1.28482
1.00000 0.47632 -2.69343
1.00000 0.06393 -0.78996
1.00000 0.06393 -0.78996
1.00000 0.47632 -2.69343
1.00000 0.11932 -0.29159
1.00000 0.11932 -0.29159
1.00000 0.47632 -2.69343
1.00000 0.16622 0.20712
1.00000 0.16622 0.20712
1.00000 0.47632 -2.69343
1.00000 0.20080 0.70675
1.00000 0.20080 0.70675
1.00000 0.47632 -2.69343
1.00000 0.22749 1.20667
1.00000 0.24745 1.70690
1.00000 0.47632 -2.69343
1.00000 0.25929 2.20738
1.00000 0.25929 2.20738
1.00000 0.47632 -2.69343
1.00000 0.26715 2.70810
1.00000 0.22749 1.20667
1.00000 0.47632 -2.69343
1.00000 0.24745 1.70690
1.00000 0.26715 2.70810
1.00000 0.47632 -2.69343
1.00000 0.47632 2.70657

-0.00000 -0.92545 0.37886
-0.00000 -0.92545 0.37886
-0.00000 -0.92545 0.37886
-0.00000 -0.92545 0.37886
-0.00000 -0.93606 0.35184
-0.00000 -0.93606 0.35184
-0.00000 -0.93606 0.35184
-0.00000 -0.93606 0.35184
0.00000 -0.98269 0.18525
0.00000 -0.98269 0.18525
0.00000 -0.98269 0.18525
0.00000 -0.98269 0.18525
0.00000 -0.98637 0.16456
0.00000 -0.98637 0.16456
0.00000 -0.98637 0.16456
0.00000 -0.98637 0.16456
0.00000 -0.99388 0.11047
0.00000 -0.99388 0.11047
0.00000 -0.99388 0.11047
0.00000 -0.99388 0.11047
0.00000 -0.99561 0.09362
0.00000 -0.99561 0.09362
0.00000 -0.99561 0.09362
0.00000 -0.99561 0.09362
0.00000 -0.99761 0.06905
0.00000 -0.99761 0.06905
0.00000 -0.99761 0.06905
0.00000 -0.99761 0.06905
0.00000 -0.99858 0.05332
0.00000 -0.99858 0.05332
0.00000 -0.99858 0.05332
0.00000 -0.99858 0.05332
0.00000 -0.99921 0.03986
0.00000 -0.99921 0.03986
0.00000 -0.99921 0.03986
0.00000 -0.99921 0.03986
0.00000 -0.99972 0.02364
0.00000 -0.99972 0.02364
0.00000 -0.99972 0.02364
0.00000 -0.99972 0.02364
0.00000 -0.99988 0.01571
0.00000 -0.99988 0.01571
0.00000 -0.99988 0.01571
0.00000 -0.99988 0.01571
-1.00000 0.00000 -0.00000
-1.00000 0.00000 -0.00000
-1.00000 0.00000 -0.00000
-1.00000 0.00000 -0.00000
-1.00000 0.00000 -0.00000
-1.00000 0.00000 -0.00000
-1.00000 0.00000 -0.00000
-1.00000 0.00000 -0.00000
-1.00000 0.00000 -0.00000
-1.00000 0.00000 -0.00000
-1.00000 0.00000 -0.00000
-1.00000 0.00000 -0.00000
-1.00000 0.00000 -0.00000
-1.00000 0.00000 -0.00000
-1.00000 0.00000 -0.00000
-1.00000 0.00000 -0.00000
-1.00000 0.00000 -0.00000
-1.00000 0.00000 -0.00000
-1.00000 -0.00000 -0.00000
-1.00000 -0.00000 -0.00000
-1.00000 -0.00000 -0.00000
-1.00000 -0.00000 -0.00000
-1.00000 -0.00000 -0.00000
-1.00000 -0.00000 -0.00000
-1.00000 -0.00000 -0.00000
-1.00000 -0.00000 -0.00000
-1.00000 -0.00000 -0.00000
-1.00000 0.00000 -0.00000
-1.00000 0.00000 -0.00000
-1.00000 0.00000 -0.00000
-1.00000 0.00000 -0.00000
-1.00000 0.00000 -0.00000
-1.00000 0.00000 -0.00000
-1.00000 -0.00000 -0.00000
-1.00000 -0.00000 -0.00000
-1.00000 -0.00000 -0.00000
-0.00000 0.00732 0.99997
-0.00000 0.00732 0.99997
-0.00000 0.00732 0.99997
-0.00000 0.00732 0.99997
1.00000 -0.00000 0.00000
1.00000 -0.00000 0.00000
1.00000 -0.00000 0.00000
1.00000 -0.00000 0.00000
1.00000 -0.00000 0.00000
1.00000 -0.00000 0.00000
1.00000 -0.00000 0.00000
1.00000 -0.00000 0.00000
1.00000 -0.00000 0.00000
1.00000 -0.00000 0.00000
1.00000 -0.00000 0.00000
1.00000 -0.00000 0.00000
1.00000 -0.00000 0.00000
1.00000 -0.00000 0.00000
1.00000 -0.00000 0.00000
1.00000 -0.00000 0.00000
1.00000 -0.00000 0.00000
1.00000 -0.00000 0.00000
1.00000 -0.00000 0.00000
1.00000 -0.00000 0.00000
1.00000 -0.00000 0.00000
1.00000 -0.00000 0.00000
1.00000 -0.00000 0.00000
1.00000 -0.00000 0.00000
1.00000 -0.00000 0.00000
1.00000 -0.00000 0.00000
1.00000 -0.00000 0.00000
1.00000 -0.00000 0.00000
1.00000 -0.00000 0.00000
1.00000 -0.00000 0.00000
1.00000 -0.00000 0.00000
1.00000 -0.00000 0.00000
1.00000 -0.00000 0.00000
1.00000 0.00000 0.00000
1.00000 0.00000 0.00000
1.00000 0.00000 0.00000

1.00000 0.22304
-0.00000 0.22304
0.00000 -0.00734
1.00000 -0.00734
1.00000 0.45685
-0.00000 0.45685
0.00000 0.22304
1.00000 0.22304
1.00000 0.70430
-0.00000 0.70430
0.00000 0.45685
1.00000 0.45685
1.00000 0.95173
-0.00000 0.95173
0.00000 0.70430
1.00000 0.70430
1.00000 0.20092
-0.00000 0.20092
0.00000 -0.04827
1.00000 -0.04827
1.00000 0.45027
-0.00000 0.45027
0.00000 0.20092
1.00000 0.20092
1.00000 0.70009
-0.00000 0.70009
0.00000 0.45027
1.00000 0.45027
1.00000 0.95005
-0.00000 0.95005
0.00000 0.70009
1.00000 0.70009
1.00000 0.20017
-0.00000 0.20017
0.00000 -0.04995
1.00000 -0.04995
1.00000 0.45040
-0.00000 0.45040
0.00000 0.20017
1.00000 0.20017
1.00000 0.70077
-0.00000 0.70077
0.00000 0.45040
1.00000 0.45040
0.61799 0.22304
1.00000 -0.00000
0.52368 -0.00734
0.61799 0.22304
0.70588 0.45685
1.00000 -0.00000
0.70588 0.45685
0.75253 0.70430
1.00000 -0.00000
0.79381 0.95173
1.00000 -0.00000
0.75253 0.70430
0.82150 0.20092
1.00000 -1.00000
0.79381 -0.04827
0.84495 0.45027
1.00000 -1.00000
0.82150 0.20092
0.86224 0.70009
1.00000 -1.00000
0.84495 0.45027
0.87559 0.95005
1.00000 -1.00000
0.86224 0.70009
0.88557 0.20017
1.00000 -2.00000
0.87559 -0.04995
0.88557 0.20017
0.89149 0.45040
1.00000 -2.00000
0.89149 0.45040
0.89542 0.70077
1.00000 -2.00000
0.89542 0.70077
1.00000 0.70000
1.00000 -2.00000
0.89542 1.00000
1.00000 1.00000
1.00000 -0.00000
0.89542 -0.00000
0.52368 0.99266
1.00000 1.00000
0.61799 1.22304
0.61799 0.22304
1.00000 0.00000
0.70588 0.45685
0.70588 0.45685
1.00000 0.00000
0.75253 0.70430
0.75253 0.70430
1.00000 0.00000
0.79381 0.95173
0.79381 0.95173
1.00000 0.00000
0.82150 1.20092
0.82150 0.20092
1.00000 -1.00000
0.84495 0.45027
0.84495 0.45027
1.00000 -1.00000
0.86224 0.70009
0.86224 0.70009
1.00000 -1.00000
0.87559 0.95005
0.88557 0.20017
1.00000 -2.00000
0.89149 0.45040
0.89149 0.45040
1.00000 -2.00000
0.89542 0.70077
0.87559 0.95005
1.00000 -1.00000
0.88557 1.20017
0.89542 0.70077
1.00000 -2.00000
1.00000 0.70000

48
0 1 2
0 2 3
4 5 6
4 6 7
8 9 10
8 10 11
12 13 14
12 14 15
16 17 18
16 18 19
20 21 22
20 22 23
24 25 26
24 26 27
28 29 30
28 30 31
32 33 34
32 34 35
36 37 38
36 38 39
40 41 42
40 42 43
44 45 46
47 48 49
50 51 52
53 54 55
56 57 58
59 60 61
62 63 64
65 66 67
68 69 70
71 72 73
74 75 76
77 78 79
80 81 82
80 82 83
84 85 86
87 88 89
90 91 92
93 94 95
96 97 98
99 100 101
102 103 104
105 106 107
108 109 110
111 112 113
114 115 116
117 118 119

floor1.bmp
4
1.00000 0.47632 2.70657
1.00000 0.47632 -2.69343
-1.00000 0.47632 -2.69343
-1.00000 0.47632 2.70657

-0.00000 1.00000 0.00000
-0.00000 1.00000 0.00000
-0.00000 1.00000 0.00000
-0.00000 1.00000 0.00000

1.00000 0.70000
1.00000 -2.00000
0.00000 -2.00000
-0.00000 0.70000

2
0 1 2
0 2 3

