1
building.png
16
-4.00000 -1.00000 4.00000
-4.00000 5.00000 4.00000
-4.00000 5.00000 -4.00000
-4.00000 -1.00000 -4.00000
-4.00000 -1.00000 -4.00000
-4.00000 5.00000 -4.00000
4.00000 5.00000 -4.00000
4.00000 -1.00000 -4.00000
4.00000 -1.00000 -4.00000
4.00000 5.00000 -4.00000
4.00000 5.00000 4.00000
4.00000 -1.00000 4.00000
-4.00000 5.00000 4.00000
-4.00000 -1.00000 4.00000
4.00000 -1.00000 4.00000
4.00000 5.00000 4.00000

-1.00000 -0.00000 -0.00000
-1.00000 -0.00000 -0.00000
-1.00000 -0.00000 -0.00000
-1.00000 -0.00000 -0.00000
0.00000 0.00000 -1.00000
0.00000 0.00000 -1.00000
0.00000 0.00000 -1.00000
0.00000 0.00000 -1.00000
1.00000 -0.00000 0.00000
1.00000 -0.00000 0.00000
1.00000 -0.00000 0.00000
1.00000 -0.00000 0.00000
-0.00000 -0.00000 1.00000
-0.00000 -0.00000 1.00000
-0.00000 -0.00000 1.00000
-0.00000 -0.00000 1.00000

-0.20000 0.50000
0.40000 0.50000
0.40000 -0.10066
-0.20000 -0.10066
-0.20000 0.50000
0.40000 0.50000
0.40000 -0.10066
-0.20000 -0.10066
-0.20000 0.50000
0.40000 0.50000
0.40000 1.10066
-0.20000 1.10066
-0.20000 0.50000
-0.80000 0.50000
-0.80000 -0.10066
-0.20000 -0.10066

8
0 1 2
0 2 3
4 5 6
4 6 7
8 9 10
8 10 11
12 13 14
12 14 15

