5
demo3.bmp
56
-1.00000 1.50000 -1.00000
-0.70576 1.50000 -0.94147
-0.70000 1.50000 -1.00000
-1.00000 1.50000 -1.00000
-0.72284 1.50000 -0.88520
-0.70576 1.50000 -0.94147
-1.00000 1.50000 -1.00000
-0.75056 1.50000 -0.83333
-0.72284 1.50000 -0.88520
-1.00000 1.50000 -1.00000
-0.78787 1.50000 -0.78787
-0.75056 1.50000 -0.83333
-1.00000 1.50000 -1.00000
-0.83333 1.50000 -0.75056
-0.78787 1.50000 -0.78787
-1.00000 1.50000 -1.00000
-0.88519 1.50000 -0.72284
-0.83333 1.50000 -0.75056
-1.00000 1.50000 -1.00000
-0.94147 1.50000 -0.70576
-0.88519 1.50000 -0.72284
-1.00000 1.50000 -1.00000
-1.00000 1.50000 -0.70000
-0.94147 1.50000 -0.70576
-0.70000 1.00000 -1.00000
-0.70000 1.50000 -1.00000
-0.70576 1.50000 -0.94147
-0.70576 1.00000 -0.94147
-0.70576 1.00000 -0.94147
-0.70576 1.50000 -0.94147
-0.72284 1.50000 -0.88520
-0.72284 1.00000 -0.88519
-0.72284 1.00000 -0.88519
-0.72284 1.50000 -0.88520
-0.75056 1.50000 -0.83333
-0.75056 1.00000 -0.83333
-0.75056 1.00000 -0.83333
-0.75056 1.50000 -0.83333
-0.78787 1.50000 -0.78787
-0.78787 1.00000 -0.78787
-0.78787 1.00000 -0.78787
-0.78787 1.50000 -0.78787
-0.83333 1.50000 -0.75056
-0.83333 1.00000 -0.75056
-0.83333 1.00000 -0.75056
-0.83333 1.50000 -0.75056
-0.88519 1.50000 -0.72284
-0.88520 1.00000 -0.72284
-0.88520 1.00000 -0.72284
-0.88519 1.50000 -0.72284
-0.94147 1.50000 -0.70576
-0.94147 1.00000 -0.70576
-1.00000 1.50000 -0.70000
-1.00000 1.00000 -0.70000
-0.94147 1.00000 -0.70576
-0.94147 1.50000 -0.70576

-0.00000 1.00000 0.00000
-0.00000 1.00000 0.00000
-0.00000 1.00000 0.00000
-0.00000 1.00000 0.00000
-0.00000 1.00000 0.00000
-0.00000 1.00000 0.00000
-0.00000 1.00000 0.00000
-0.00000 1.00000 0.00000
-0.00000 1.00000 0.00000
-0.00000 1.00000 0.00000
-0.00000 1.00000 0.00000
-0.00000 1.00000 0.00000
-0.00000 1.00000 0.00000
-0.00000 1.00000 0.00000
-0.00000 1.00000 0.00000
-0.00000 1.00000 0.00000
-0.00000 1.00000 0.00000
-0.00000 1.00000 0.00000
-0.00000 1.00000 0.00000
-0.00000 1.00000 0.00000
-0.00000 1.00000 0.00000
-0.00000 1.00000 0.00000
-0.00000 1.00000 0.00000
-0.00000 1.00000 0.00000
0.99518 -0.00000 0.09802
0.99518 -0.00000 0.09802
0.99518 -0.00000 0.09802
0.99518 -0.00000 0.09802
0.95694 -0.00000 0.29028
0.95694 -0.00000 0.29028
0.95694 -0.00000 0.29028
0.95694 -0.00000 0.29028
0.88192 -0.00000 0.47139
0.88192 -0.00000 0.47139
0.88192 -0.00000 0.47139
0.88192 -0.00000 0.47139
0.77301 -0.00000 0.63439
0.77301 -0.00000 0.63439
0.77301 -0.00000 0.63439
0.77301 -0.00000 0.63439
0.63440 -0.00000 0.77301
0.63440 -0.00000 0.77301
0.63440 -0.00000 0.77301
0.63440 -0.00000 0.77301
0.47140 -0.00000 0.88192
0.47140 -0.00000 0.88192
0.47140 -0.00000 0.88192
0.47140 -0.00000 0.88192
0.29029 -0.00000 0.95694
0.29029 -0.00000 0.95694
0.29029 -0.00000 0.95694
0.29029 -0.00000 0.95694
0.09802 0.00000 0.99518
0.09802 0.00000 0.99518
0.09802 0.00000 0.99518
0.09802 0.00000 0.99518

0.50000 0.00000
0.59754 -0.49039
0.50000 -0.50000
0.50000 0.00000
0.69134 -0.46194
0.59754 -0.49039
0.50000 0.00000
0.77778 -0.41574
0.69134 -0.46194
0.50000 0.00000
0.85355 -0.35356
0.77778 -0.41574
0.50000 0.00000
0.91573 -0.27779
0.85355 -0.35356
0.50000 0.00000
0.96194 -0.19134
0.91573 -0.27779
0.50000 0.00000
0.99039 -0.09755
0.96194 -0.19134
0.50000 0.00000
1.00000 0.00000
0.99039 -0.09755
0.98333 0.50000
1.81667 0.50000
1.81667 0.59754
0.98333 0.59755
0.98333 0.59755
1.81667 0.59754
1.81667 0.69134
0.98333 0.69134
0.98333 0.69134
1.81667 0.69134
1.81667 0.77778
0.98333 0.77779
0.98333 0.77779
1.81667 0.77778
1.81667 0.85355
0.98333 0.85355
0.98333 0.64645
1.81667 0.64644
1.81667 0.72221
0.98333 0.72222
0.98333 0.72222
1.81667 0.72221
1.81667 0.80866
0.98333 0.80866
0.98333 0.80866
1.81667 0.80866
1.81667 0.90245
0.98333 0.90246
0.81667 0.00000
-0.01667 0.00000
-0.01667 -0.09754
0.81667 -0.09755

24
0 1 2
3 4 5
6 7 8
9 10 11
12 13 14
15 16 17
18 19 20
21 22 23
24 25 26
24 26 27
28 29 30
28 30 31
32 33 34
32 34 35
36 37 38
36 38 39
40 41 42
40 42 43
44 45 46
44 46 47
48 49 50
48 50 51
52 53 54
52 54 55

demo3.bmp
56
1.00000 1.50000 1.00000
0.70576 1.50000 0.94147
0.70000 1.50000 1.00000
1.00000 1.50000 1.00000
0.72284 1.50000 0.88520
0.70576 1.50000 0.94147
1.00000 1.50000 1.00000
0.75056 1.50000 0.83333
0.72284 1.50000 0.88520
1.00000 1.50000 1.00000
0.78787 1.50000 0.78787
0.75056 1.50000 0.83333
1.00000 1.50000 1.00000
0.83333 1.50000 0.75056
0.78787 1.50000 0.78787
1.00000 1.50000 1.00000
0.88519 1.50000 0.72284
0.83333 1.50000 0.75056
1.00000 1.50000 1.00000
0.94147 1.50000 0.70576
0.88519 1.50000 0.72284
1.00000 1.50000 1.00000
1.00000 1.50000 0.70000
0.94147 1.50000 0.70576
0.70000 1.00000 1.00000
0.70000 1.50000 1.00000
0.70576 1.50000 0.94147
0.70576 1.00000 0.94147
0.70576 1.00000 0.94147
0.70576 1.50000 0.94147
0.72284 1.50000 0.88520
0.72284 1.00000 0.88519
0.72284 1.00000 0.88519
0.72284 1.50000 0.88520
0.75056 1.50000 0.83333
0.75056 1.00000 0.83333
0.75056 1.00000 0.83333
0.75056 1.50000 0.83333
0.78787 1.50000 0.78787
0.78787 1.00000 0.78787
0.78787 1.00000 0.78787
0.78787 1.50000 0.78787
0.83333 1.50000 0.75056
0.83333 1.00000 0.75056
0.83333 1.00000 0.75056
0.83333 1.50000 0.75056
0.88519 1.50000 0.72284
0.88520 1.00000 0.72284
0.88520 1.00000 0.72284
0.88519 1.50000 0.72284
0.94147 1.50000 0.70576
0.94147 1.00000 0.70576
1.00000 1.50000 0.70000
1.00000 1.00000 0.70000
0.94147 1.00000 0.70576
0.94147 1.50000 0.70576

-0.00000 1.00000 0.00000
-0.00000 1.00000 0.00000
-0.00000 1.00000 0.00000
-0.00000 1.00000 0.00000
-0.00000 1.00000 0.00000
-0.00000 1.00000 0.00000
-0.00000 1.00000 0.00000
-0.00000 1.00000 0.00000
-0.00000 1.00000 0.00000
-0.00000 1.00000 0.00000
-0.00000 1.00000 0.00000
-0.00000 1.00000 0.00000
-0.00000 1.00000 0.00000
-0.00000 1.00000 0.00000
-0.00000 1.00000 0.00000
-0.00000 1.00000 0.00000
-0.00000 1.00000 0.00000
-0.00000 1.00000 0.00000
-0.00000 1.00000 0.00000
-0.00000 1.00000 0.00000
-0.00000 1.00000 0.00000
-0.00000 1.00000 0.00000
-0.00000 1.00000 0.00000
-0.00000 1.00000 0.00000
-0.99518 -0.00000 -0.09802
-0.99518 -0.00000 -0.09802
-0.99518 -0.00000 -0.09802
-0.99518 -0.00000 -0.09802
-0.95694 -0.00000 -0.29028
-0.95694 -0.00000 -0.29028
-0.95694 -0.00000 -0.29028
-0.95694 -0.00000 -0.29028
-0.88192 -0.00000 -0.47139
-0.88192 -0.00000 -0.47139
-0.88192 -0.00000 -0.47139
-0.88192 -0.00000 -0.47139
-0.77301 -0.00000 -0.63439
-0.77301 -0.00000 -0.63439
-0.77301 -0.00000 -0.63439
-0.77301 -0.00000 -0.63439
-0.63440 -0.00000 -0.77301
-0.63440 -0.00000 -0.77301
-0.63440 -0.00000 -0.77301
-0.63440 -0.00000 -0.77301
-0.47140 -0.00000 -0.88192
-0.47140 -0.00000 -0.88192
-0.47140 -0.00000 -0.88192
-0.47140 -0.00000 -0.88192
-0.29029 -0.00000 -0.95694
-0.29029 -0.00000 -0.95694
-0.29029 -0.00000 -0.95694
-0.29029 -0.00000 -0.95694
-0.09802 0.00000 -0.99518
-0.09802 0.00000 -0.99518
-0.09802 0.00000 -0.99518
-0.09802 0.00000 -0.99518

0.50000 0.00000
0.59754 -0.49039
0.50000 -0.50000
0.50000 0.00000
0.69134 -0.46194
0.59754 -0.49039
0.50000 0.00000
0.77778 -0.41574
0.69134 -0.46194
0.50000 0.00000
0.85355 -0.35356
0.77778 -0.41574
0.50000 0.00000
0.91573 -0.27779
0.85355 -0.35356
0.50000 0.00000
0.96194 -0.19134
0.91573 -0.27779
0.50000 0.00000
0.99039 -0.09755
0.96194 -0.19134
0.50000 0.00000
1.00000 0.00000
0.99039 -0.09755
0.98333 0.50000
1.81667 0.50000
1.81667 0.59754
0.98333 0.59755
0.98333 0.59755
1.81667 0.59754
1.81667 0.69134
0.98333 0.69134
0.98333 0.69134
1.81667 0.69134
1.81667 0.77778
0.98333 0.77779
0.98333 0.77779
1.81667 0.77778
1.81667 0.85355
0.98333 0.85355
0.98333 0.64645
1.81667 0.64644
1.81667 0.72221
0.98333 0.72222
0.98333 0.72222
1.81667 0.72221
1.81667 0.80866
0.98333 0.80866
0.98333 0.80866
1.81667 0.80866
1.81667 0.90245
0.98333 0.90246
0.81667 0.00000
-0.01667 0.00000
-0.01667 -0.09754
0.81667 -0.09755

24
0 1 2
3 4 5
6 7 8
9 10 11
12 13 14
15 16 17
18 19 20
21 22 23
24 25 26
24 26 27
28 29 30
28 30 31
32 33 34
32 34 35
36 37 38
36 38 39
40 41 42
40 42 43
44 45 46
44 46 47
48 49 50
48 50 51
52 53 54
52 54 55

demo3.bmp
56
1.00000 1.50000 -1.00000
0.94147 1.50000 -0.70576
1.00000 1.50000 -0.70000
1.00000 1.50000 -1.00000
0.88520 1.50000 -0.72284
0.94147 1.50000 -0.70576
1.00000 1.50000 -1.00000
0.83333 1.50000 -0.75056
0.88520 1.50000 -0.72284
1.00000 1.50000 -1.00000
0.78787 1.50000 -0.78787
0.83333 1.50000 -0.75056
1.00000 1.50000 -1.00000
0.75056 1.50000 -0.83333
0.78787 1.50000 -0.78787
1.00000 1.50000 -1.00000
0.72284 1.50000 -0.88519
0.75056 1.50000 -0.83333
1.00000 1.50000 -1.00000
0.70576 1.50000 -0.94147
0.72284 1.50000 -0.88519
1.00000 1.50000 -1.00000
0.70000 1.50000 -1.00000
0.70576 1.50000 -0.94147
1.00000 1.00000 -0.70000
1.00000 1.50000 -0.70000
0.94147 1.50000 -0.70576
0.94147 1.00000 -0.70576
0.94147 1.00000 -0.70576
0.94147 1.50000 -0.70576
0.88520 1.50000 -0.72284
0.88519 1.00000 -0.72284
0.88519 1.00000 -0.72284
0.88520 1.50000 -0.72284
0.83333 1.50000 -0.75056
0.83333 1.00000 -0.75056
0.83333 1.00000 -0.75056
0.83333 1.50000 -0.75056
0.78787 1.50000 -0.78787
0.78787 1.00000 -0.78787
0.78787 1.00000 -0.78787
0.78787 1.50000 -0.78787
0.75056 1.50000 -0.83333
0.75056 1.00000 -0.83333
0.75056 1.00000 -0.83333
0.75056 1.50000 -0.83333
0.72284 1.50000 -0.88519
0.72284 1.00000 -0.88520
0.72284 1.00000 -0.88520
0.72284 1.50000 -0.88519
0.70576 1.50000 -0.94147
0.70576 1.00000 -0.94147
0.70000 1.50000 -1.00000
0.70000 1.00000 -1.00000
0.70576 1.00000 -0.94147
0.70576 1.50000 -0.94147

-0.00000 1.00000 0.00000
-0.00000 1.00000 0.00000
-0.00000 1.00000 0.00000
-0.00000 1.00000 0.00000
-0.00000 1.00000 0.00000
-0.00000 1.00000 0.00000
-0.00000 1.00000 0.00000
-0.00000 1.00000 0.00000
-0.00000 1.00000 0.00000
-0.00000 1.00000 0.00000
-0.00000 1.00000 0.00000
-0.00000 1.00000 0.00000
-0.00000 1.00000 0.00000
-0.00000 1.00000 0.00000
-0.00000 1.00000 0.00000
-0.00000 1.00000 0.00000
-0.00000 1.00000 0.00000
-0.00000 1.00000 0.00000
-0.00000 1.00000 0.00000
-0.00000 1.00000 0.00000
-0.00000 1.00000 0.00000
-0.00000 1.00000 0.00000
-0.00000 1.00000 0.00000
-0.00000 1.00000 0.00000
-0.09802 -0.00000 0.99518
-0.09802 -0.00000 0.99518
-0.09802 -0.00000 0.99518
-0.09802 -0.00000 0.99518
-0.29028 -0.00000 0.95694
-0.29028 -0.00000 0.95694
-0.29028 -0.00000 0.95694
-0.29028 -0.00000 0.95694
-0.47139 -0.00000 0.88192
-0.47139 -0.00000 0.88192
-0.47139 -0.00000 0.88192
-0.47139 -0.00000 0.88192
-0.63439 -0.00000 0.77301
-0.63439 -0.00000 0.77301
-0.63439 -0.00000 0.77301
-0.63439 -0.00000 0.77301
-0.77301 -0.00000 0.63440
-0.77301 -0.00000 0.63440
-0.77301 -0.00000 0.63440
-0.77301 -0.00000 0.63440
-0.88192 -0.00000 0.47140
-0.88192 -0.00000 0.47140
-0.88192 -0.00000 0.47140
-0.88192 -0.00000 0.47140
-0.95694 -0.00000 0.29029
-0.95694 -0.00000 0.29029
-0.95694 -0.00000 0.29029
-0.95694 -0.00000 0.29029
-0.99518 0.00000 0.09802
-0.99518 0.00000 0.09802
-0.99518 0.00000 0.09802
-0.99518 0.00000 0.09802

0.50000 0.00000
0.59754 -0.49039
0.50000 -0.50000
0.50000 0.00000
0.69134 -0.46194
0.59754 -0.49039
0.50000 0.00000
0.77778 -0.41574
0.69134 -0.46194
0.50000 0.00000
0.85355 -0.35356
0.77778 -0.41574
0.50000 0.00000
0.91573 -0.27779
0.85355 -0.35356
0.50000 0.00000
0.96194 -0.19134
0.91573 -0.27779
0.50000 0.00000
0.99039 -0.09755
0.96194 -0.19134
0.50000 0.00000
1.00000 0.00000
0.99039 -0.09755
0.98333 0.50000
1.81667 0.50000
1.81667 0.59754
0.98333 0.59755
0.98333 0.59755
1.81667 0.59754
1.81667 0.69134
0.98333 0.69134
0.98333 0.69134
1.81667 0.69134
1.81667 0.77778
0.98333 0.77779
0.98333 0.77779
1.81667 0.77778
1.81667 0.85355
0.98333 0.85355
0.98333 0.64645
1.81667 0.64644
1.81667 0.72221
0.98333 0.72222
0.98333 0.72222
1.81667 0.72221
1.81667 0.80866
0.98333 0.80866
0.98333 0.80866
1.81667 0.80866
1.81667 0.90245
0.98333 0.90246
0.81667 0.00000
-0.01667 0.00000
-0.01667 -0.09754
0.81667 -0.09755

24
0 1 2
3 4 5
6 7 8
9 10 11
12 13 14
15 16 17
18 19 20
21 22 23
24 25 26
24 26 27
28 29 30
28 30 31
32 33 34
32 34 35
36 37 38
36 38 39
40 41 42
40 42 43
44 45 46
44 46 47
48 49 50
48 50 51
52 53 54
52 54 55

demo3.bmp
56
-1.00000 1.50000 1.00000
-0.94147 1.50000 0.70576
-1.00000 1.50000 0.70000
-1.00000 1.50000 1.00000
-0.88520 1.50000 0.72284
-0.94147 1.50000 0.70576
-1.00000 1.50000 1.00000
-0.83333 1.50000 0.75056
-0.88520 1.50000 0.72284
-1.00000 1.50000 1.00000
-0.78787 1.50000 0.78787
-0.83333 1.50000 0.75056
-1.00000 1.50000 1.00000
-0.75056 1.50000 0.83333
-0.78787 1.50000 0.78787
-1.00000 1.50000 1.00000
-0.72284 1.50000 0.88519
-0.75056 1.50000 0.83333
-1.00000 1.50000 1.00000
-0.70576 1.50000 0.94147
-0.72284 1.50000 0.88519
-1.00000 1.50000 1.00000
-0.70000 1.50000 1.00000
-0.70576 1.50000 0.94147
-1.00000 1.00000 0.70000
-1.00000 1.50000 0.70000
-0.94147 1.50000 0.70576
-0.94147 1.00000 0.70576
-0.94147 1.00000 0.70576
-0.94147 1.50000 0.70576
-0.88520 1.50000 0.72284
-0.88519 1.00000 0.72284
-0.88519 1.00000 0.72284
-0.88520 1.50000 0.72284
-0.83333 1.50000 0.75056
-0.83333 1.00000 0.75056
-0.83333 1.00000 0.75056
-0.83333 1.50000 0.75056
-0.78787 1.50000 0.78787
-0.78787 1.00000 0.78787
-0.78787 1.00000 0.78787
-0.78787 1.50000 0.78787
-0.75056 1.50000 0.83333
-0.75056 1.00000 0.83333
-0.75056 1.00000 0.83333
-0.75056 1.50000 0.83333
-0.72284 1.50000 0.88519
-0.72284 1.00000 0.88520
-0.72284 1.00000 0.88520
-0.72284 1.50000 0.88519
-0.70576 1.50000 0.94147
-0.70576 1.00000 0.94147
-0.70000 1.50000 1.00000
-0.70000 1.00000 1.00000
-0.70576 1.00000 0.94147
-0.70576 1.50000 0.94147

-0.00000 1.00000 0.00000
-0.00000 1.00000 0.00000
-0.00000 1.00000 0.00000
-0.00000 1.00000 0.00000
-0.00000 1.00000 0.00000
-0.00000 1.00000 0.00000
-0.00000 1.00000 0.00000
-0.00000 1.00000 0.00000
-0.00000 1.00000 0.00000
-0.00000 1.00000 0.00000
-0.00000 1.00000 0.00000
-0.00000 1.00000 0.00000
-0.00000 1.00000 0.00000
-0.00000 1.00000 0.00000
-0.00000 1.00000 0.00000
-0.00000 1.00000 0.00000
-0.00000 1.00000 0.00000
-0.00000 1.00000 0.00000
-0.00000 1.00000 0.00000
-0.00000 1.00000 0.00000
-0.00000 1.00000 0.00000
-0.00000 1.00000 0.00000
-0.00000 1.00000 0.00000
-0.00000 1.00000 0.00000
0.09802 -0.00000 -0.99518
0.09802 -0.00000 -0.99518
0.09802 -0.00000 -0.99518
0.09802 -0.00000 -0.99518
0.29028 -0.00000 -0.95694
0.29028 -0.00000 -0.95694
0.29028 -0.00000 -0.95694
0.29028 -0.00000 -0.95694
0.47139 -0.00000 -0.88192
0.47139 -0.00000 -0.88192
0.47139 -0.00000 -0.88192
0.47139 -0.00000 -0.88192
0.63439 -0.00000 -0.77301
0.63439 -0.00000 -0.77301
0.63439 -0.00000 -0.77301
0.63439 -0.00000 -0.77301
0.77301 -0.00000 -0.63440
0.77301 -0.00000 -0.63440
0.77301 -0.00000 -0.63440
0.77301 -0.00000 -0.63440
0.88192 -0.00000 -0.47140
0.88192 -0.00000 -0.47140
0.88192 -0.00000 -0.47140
0.88192 -0.00000 -0.47140
0.95694 -0.00000 -0.29029
0.95694 -0.00000 -0.29029
0.95694 -0.00000 -0.29029
0.95694 -0.00000 -0.29029
0.99518 0.00000 -0.09802
0.99518 0.00000 -0.09802
0.99518 0.00000 -0.09802
0.99518 0.00000 -0.09802

0.50000 0.00000
0.59754 -0.49039
0.50000 -0.50000
0.50000 0.00000
0.69134 -0.46194
0.59754 -0.49039
0.50000 0.00000
0.77778 -0.41574
0.69134 -0.46194
0.50000 0.00000
0.85355 -0.35356
0.77778 -0.41574
0.50000 0.00000
0.91573 -0.27779
0.85355 -0.35356
0.50000 0.00000
0.96194 -0.19134
0.91573 -0.27779
0.50000 0.00000
0.99039 -0.09755
0.96194 -0.19134
0.50000 0.00000
1.00000 0.00000
0.99039 -0.09755
0.98333 0.50000
1.81667 0.50000
1.81667 0.59754
0.98333 0.59755
0.98333 0.59755
1.81667 0.59754
1.81667 0.69134
0.98333 0.69134
0.98333 0.69134
1.81667 0.69134
1.81667 0.77778
0.98333 0.77779
0.98333 0.77779
1.81667 0.77778
1.81667 0.85355
0.98333 0.85355
0.98333 0.64645
1.81667 0.64644
1.81667 0.72221
0.98333 0.72222
0.98333 0.72222
1.81667 0.72221
1.81667 0.80866
0.98333 0.80866
0.98333 0.80866
1.81667 0.80866
1.81667 0.90245
0.98333 0.90246
0.81667 0.00000
-0.01667 0.00000
-0.01667 -0.09754
0.81667 -0.09755

24
0 1 2
3 4 5
6 7 8
9 10 11
12 13 14
15 16 17
18 19 20
21 22 23
24 25 26
24 26 27
28 29 30
28 30 31
32 33 34
32 34 35
36 37 38
36 38 39
40 41 42
40 42 43
44 45 46
44 46 47
48 49 50
48 50 51
52 53 54
52 54 55

floor2.bmp
24
-1.00000 1.00000 1.00000
1.00000 1.00000 1.00000
1.00000 1.00000 -1.00000
-1.00000 1.00000 -1.00000
1.00000 1.00000 -1.00000
1.00000 1.00000 1.00000
1.00000 -1.00000 1.00000
1.00000 -1.00000 -1.00000
1.00000 1.00000 1.00000
-1.00000 1.00000 1.00000
-1.00000 -1.00000 1.00000
1.00000 -1.00000 1.00000
-1.00000 1.00000 1.00000
-1.00000 1.00000 -1.00000
-1.00000 -1.00000 -1.00000
-1.00000 -1.00000 1.00000
-1.00000 1.00000 -1.00000
1.00000 1.00000 -1.00000
1.00000 -1.00000 -1.00000
-1.00000 -1.00000 -1.00000
-1.00000 -1.00000 -1.00000
1.00000 -1.00000 -1.00000
1.00000 -1.00000 1.00000
-1.00000 -1.00000 1.00000

-0.00000 1.00000 0.00000
-0.00000 1.00000 0.00000
-0.00000 1.00000 0.00000
-0.00000 1.00000 0.00000
1.00000 0.00000 0.00000
1.00000 0.00000 0.00000
1.00000 0.00000 0.00000
1.00000 0.00000 0.00000
-0.00000 0.00000 1.00000
-0.00000 0.00000 1.00000
-0.00000 0.00000 1.00000
-0.00000 0.00000 1.00000
-1.00000 0.00000 -0.00000
-1.00000 0.00000 -0.00000
-1.00000 0.00000 -0.00000
-1.00000 0.00000 -0.00000
0.00000 0.00000 -1.00000
0.00000 0.00000 -1.00000
0.00000 0.00000 -1.00000
0.00000 0.00000 -1.00000
-0.00000 -1.00000 0.00000
-0.00000 -1.00000 0.00000
-0.00000 -1.00000 0.00000
-0.00000 -1.00000 0.00000

0.00000 0.00000
0.00000 1.00000
1.00000 1.00000
1.00000 0.00000
0.00000 0.00000
0.00000 1.00000
1.00000 1.00000
1.00000 0.00000
0.00000 0.00000
0.00000 1.00000
1.00000 1.00000
1.00000 0.00000
0.00000 0.00000
0.00000 1.00000
1.00000 1.00000
1.00000 0.00000
0.00000 0.00000
0.00000 1.00000
1.00000 1.00000
1.00000 0.00000
0.00000 0.00000
0.00000 1.00000
1.00000 1.00000
1.00000 0.00000

12
0 1 2
0 2 3
4 5 6
4 6 7
8 9 10
8 10 11
12 13 14
12 14 15
16 17 18
16 18 19
20 21 22
20 22 23

