4
floor2.bmp
4
-1.00000 1.00000 1.00000
1.00000 1.00000 1.00000
1.00000 1.00000 -1.00000
-1.00000 1.00000 -1.00000

-0.00000 1.00000 0.00000
-0.00000 1.00000 0.00000
-0.00000 1.00000 0.00000
-0.00000 1.00000 0.00000

0.00000 0.00000
0.00000 1.00000
1.00000 1.00000
1.00000 0.00000

2
0 1 2
0 2 3

demo3.bmp
8
-1.00000 -1.00000 1.00000
-1.00000 1.00000 1.00000
-1.00000 1.00000 -1.00000
-1.00000 -1.00000 -1.00000
1.00000 -1.00000 -1.00000
1.00000 1.00000 -1.00000
1.00000 1.00000 1.00000
1.00000 -1.00000 1.00000

-1.00000 0.00000 -0.00000
-1.00000 0.00000 -0.00000
-1.00000 0.00000 -0.00000
-1.00000 0.00000 -0.00000
1.00000 -0.00000 0.00000
1.00000 -0.00000 0.00000
1.00000 -0.00000 0.00000
1.00000 -0.00000 0.00000

0.00000 0.00000
1.00000 -0.00000
1.00000 -1.00000
0.00000 -1.00000
0.00000 0.00000
1.00000 0.00000
1.00000 1.00000
0.00000 1.00000

4
0 1 2
0 2 3
4 5 6
4 6 7

demo3.bmp
24
0.70000 1.00000 1.00000
0.70000 1.00000 -1.00000
1.00000 1.00000 -1.00000
1.00000 1.00000 1.00000
0.70000 1.50000 1.00000
1.00000 1.50000 1.00000
1.00000 1.50000 -1.00000
0.70000 1.50000 -1.00000
0.70000 1.00000 1.00000
0.70000 1.50000 1.00000
0.70000 1.50000 -1.00000
0.70000 1.00000 -1.00000
0.70000 1.00000 -1.00000
0.70000 1.50000 -1.00000
1.00000 1.50000 -1.00000
1.00000 1.00000 -1.00000
1.00000 1.00000 -1.00000
1.00000 1.50000 -1.00000
1.00000 1.50000 1.00000
1.00000 1.00000 1.00000
0.70000 1.50000 1.00000
0.70000 1.00000 1.00000
1.00000 1.00000 1.00000
1.00000 1.50000 1.00000

-0.00000 -1.00000 0.00000
-0.00000 -1.00000 0.00000
-0.00000 -1.00000 0.00000
-0.00000 -1.00000 0.00000
-0.00000 1.00000 0.00000
-0.00000 1.00000 0.00000
-0.00000 1.00000 0.00000
-0.00000 1.00000 0.00000
-1.00000 0.00000 -0.00000
-1.00000 0.00000 -0.00000
-1.00000 0.00000 -0.00000
-1.00000 0.00000 -0.00000
0.00000 -0.00000 -1.00000
0.00000 -0.00000 -1.00000
0.00000 -0.00000 -1.00000
0.00000 -0.00000 -1.00000
1.00000 -0.00000 0.00000
1.00000 -0.00000 0.00000
1.00000 -0.00000 0.00000
1.00000 -0.00000 0.00000
-0.00000 0.00000 1.00000
-0.00000 0.00000 1.00000
-0.00000 0.00000 1.00000
-0.00000 0.00000 1.00000

0.00000 0.15000
-1.00000 0.15000
-1.00000 -0.00000
0.00000 0.00000
1.00000 0.15000
1.00000 0.00000
0.00000 -0.00000
-0.00000 0.15000
0.00000 0.00000
0.25000 -0.00000
0.25000 -1.00000
0.00000 -1.00000
0.00000 0.15000
0.25000 0.15000
0.25000 -0.00000
0.00000 -0.00000
0.00000 0.00000
0.25000 0.00000
0.25000 1.00000
0.00000 1.00000
0.25000 0.15000
0.00000 0.15000
0.00000 0.00000
0.25000 0.00000

12
0 1 2
0 2 3
4 5 6
4 6 7
8 9 10
8 10 11
12 13 14
12 14 15
16 17 18
16 18 19
20 21 22
20 22 23

demo3.bmp
24
-1.00000 1.00000 1.00000
-1.00000 1.00000 -1.00000
-0.70000 1.00000 -1.00000
-0.70000 1.00000 1.00000
-1.00000 1.50000 1.00000
-0.70000 1.50000 1.00000
-0.70000 1.50000 -1.00000
-1.00000 1.50000 -1.00000
-1.00000 1.00000 1.00000
-1.00000 1.50000 1.00000
-1.00000 1.50000 -1.00000
-1.00000 1.00000 -1.00000
-1.00000 1.00000 -1.00000
-1.00000 1.50000 -1.00000
-0.70000 1.50000 -1.00000
-0.70000 1.00000 -1.00000
-0.70000 1.00000 -1.00000
-0.70000 1.50000 -1.00000
-0.70000 1.50000 1.00000
-0.70000 1.00000 1.00000
-1.00000 1.50000 1.00000
-1.00000 1.00000 1.00000
-0.70000 1.00000 1.00000
-0.70000 1.50000 1.00000

-0.00000 -1.00000 0.00000
-0.00000 -1.00000 0.00000
-0.00000 -1.00000 0.00000
-0.00000 -1.00000 0.00000
-0.00000 1.00000 0.00000
-0.00000 1.00000 0.00000
-0.00000 1.00000 0.00000
-0.00000 1.00000 0.00000
-1.00000 0.00000 -0.00000
-1.00000 0.00000 -0.00000
-1.00000 0.00000 -0.00000
-1.00000 0.00000 -0.00000
0.00000 -0.00000 -1.00000
0.00000 -0.00000 -1.00000
0.00000 -0.00000 -1.00000
0.00000 -0.00000 -1.00000
1.00000 -0.00000 0.00000
1.00000 -0.00000 0.00000
1.00000 -0.00000 0.00000
1.00000 -0.00000 0.00000
-0.00000 0.00000 1.00000
-0.00000 0.00000 1.00000
-0.00000 0.00000 1.00000
-0.00000 0.00000 1.00000

0.00000 0.15000
-1.00000 0.15000
-1.00000 -0.00000
0.00000 0.00000
1.00000 0.15000
1.00000 0.00000
0.00000 -0.00000
-0.00000 0.15000
0.00000 0.00000
0.25000 -0.00000
0.25000 -1.00000
0.00000 -1.00000
0.00000 0.15000
0.25000 0.15000
0.25000 -0.00000
0.00000 -0.00000
0.00000 0.00000
0.25000 0.00000
0.25000 1.00000
0.00000 1.00000
0.25000 0.15000
0.00000 0.15000
0.00000 0.00000
0.25000 0.00000

12
0 1 2
0 2 3
4 5 6
4 6 7
8 9 10
8 10 11
12 13 14
12 14 15
16 17 18
16 18 19
20 21 22
20 22 23

