6
water
32
-1.00000 -1.00000 1.00000
-1.00000 1.00000 1.00000
-1.00000 1.00000 -1.00000
-1.00000 -1.00000 -1.00000
1.00000 -1.00000 -1.00000
1.00000 1.00000 -1.00000
1.00000 1.00000 1.00000
1.00000 -1.00000 1.00000
0.70000 1.00000 -1.00000
1.00000 1.00000 -1.00000
1.00000 -1.00000 -1.00000
0.70000 -1.00000 -1.00000
0.70000 -1.00000 1.00000
1.00000 -1.00000 1.00000
1.00000 1.00000 1.00000
0.70000 1.00000 1.00000
-1.00000 1.00000 -1.00000
-0.70000 1.00000 -1.00000
-0.70000 -1.00000 -1.00000
-1.00000 -1.00000 -1.00000
-0.70000 1.00000 -1.00000
0.70000 1.00000 -1.00000
0.70000 -1.00000 -1.00000
-0.70000 -1.00000 -1.00000
-1.00000 -1.00000 1.00000
-0.70000 -1.00000 1.00000
-0.70000 1.00000 1.00000
-1.00000 1.00000 1.00000
-0.70000 -1.00000 1.00000
0.70000 -1.00000 1.00000
0.70000 1.00000 1.00000
-0.70000 1.00000 1.00000

-1.00000 0.00000 -0.00000
-1.00000 0.00000 -0.00000
-1.00000 0.00000 -0.00000
-1.00000 0.00000 -0.00000
1.00000 -0.00000 0.00000
1.00000 -0.00000 0.00000
1.00000 -0.00000 0.00000
1.00000 -0.00000 0.00000
0.00000 -0.00000 -1.00000
0.00000 -0.00000 -1.00000
0.00000 -0.00000 -1.00000
0.00000 -0.00000 -1.00000
-0.00000 0.00000 1.00000
-0.00000 0.00000 1.00000
-0.00000 0.00000 1.00000
-0.00000 0.00000 1.00000
0.00000 -0.00000 -1.00000
0.00000 -0.00000 -1.00000
0.00000 -0.00000 -1.00000
0.00000 -0.00000 -1.00000
0.00000 -0.00000 -1.00000
0.00000 -0.00000 -1.00000
0.00000 -0.00000 -1.00000
0.00000 -0.00000 -1.00000
-0.00000 0.00000 1.00000
-0.00000 0.00000 1.00000
-0.00000 0.00000 1.00000
-0.00000 0.00000 1.00000
-0.00000 0.00000 1.00000
-0.00000 0.00000 1.00000
-0.00000 0.00000 1.00000
-0.00000 0.00000 1.00000

0.00000 0.00000
1.00000 -0.00000
1.00000 -1.00000
0.00000 -1.00000
0.00000 0.00000
1.00000 0.00000
1.00000 1.00000
0.00000 1.00000
1.00000 -0.50000
1.00000 -1.00000
0.00000 -1.00000
0.00000 -0.50000
-1.00000 -0.50000
-1.00000 -1.00000
0.00000 -1.00000
0.00000 -0.50000
1.00000 -0.00000
1.00000 -0.25000
0.00000 -0.25000
0.00000 0.00000
1.00000 -0.25000
1.00000 -0.50000
0.00000 -0.50000
0.00000 -0.25000
-1.00000 -0.00000
-1.00000 -0.25000
0.00000 -0.25000
0.00000 0.00000
-1.00000 -0.25000
-1.00000 -0.50000
0.00000 -0.50000
0.00000 -0.25000

16
0 1 2
0 2 3
4 5 6
4 6 7
8 9 10
8 10 11
12 13 14
12 14 15
16 17 18
16 18 19
20 21 22
20 22 23
24 25 26
24 26 27
28 29 30
28 30 31

floor1.bmp
4
-0.70000 1.00000 1.00000
0.70000 1.00000 1.00000
0.70000 1.00000 -1.00000
-0.70000 1.00000 -1.00000

-0.00000 1.00000 0.00000
-0.00000 1.00000 0.00000
-0.00000 1.00000 0.00000
-0.00000 1.00000 0.00000

1.00000 0.85000
1.00000 0.15000
-0.00000 0.15000
-0.00000 0.85000

2
0 1 2
0 2 3

wood2.bmp
131
-1.50000 1.00000 1.00000
-1.50000 1.00000 1.00000
-1.50000 1.00000 1.00000
-1.50000 1.00000 -1.00000
-1.50000 1.00000 -1.00000
-1.50000 1.00000 -1.00000
-1.00961 0.59754 1.00000
-1.00050 0.50513 1.00000
-1.00000 0.50000 1.00000
-1.00961 0.59754 1.00000
-1.00961 0.59755 -1.00000
-1.00050 0.50513 1.00000
-1.50000 1.00000 1.00000
-1.50000 1.00000 -1.00000
-1.50000 1.00000 -1.00000
-1.50000 1.00000 1.00000
-1.50000 1.00000 1.00000
-1.50000 1.00000 1.00000
-1.00000 1.00000 -1.00000
-1.30866 0.96194 -1.00000
-1.40245 0.99039 -1.00000
-1.00000 1.00000 -1.00000
-1.03806 0.69134 -1.00000
-1.08426 0.77779 -1.00000
-1.08426 0.77779 -1.00000
-1.14645 0.85355 -1.00000
-1.00000 1.00000 -1.00000
-1.00000 0.50000 1.00000
-1.00000 0.50000 1.00000
-1.00000 0.50000 1.00000
-1.00000 1.00000 1.00000
-1.50000 1.00000 1.00000
-1.40245 0.99039 1.00000
-1.40245 0.99039 1.00000
-1.50000 1.00000 1.00000
-1.50000 1.00000 1.00000
-1.50000 1.00000 1.00000
-1.50000 1.00000 -1.00000
-1.50000 1.00000 1.00000
-1.50000 1.00000 1.00000
-1.50000 1.00000 -1.00000
-1.50000 1.00000 1.00000
-1.00000 1.00000 -1.00000
-1.00961 0.59755 -1.00000
-1.03806 0.69134 -1.00000
-1.00000 1.00000 -1.00000
-1.22221 0.91573 -1.00000
-1.30866 0.96194 -1.00000
-1.40245 0.99039 -1.00000
-1.50000 1.00000 -1.00000
-1.00000 1.00000 -1.00000
-1.40245 0.99039 1.00000
-1.30866 0.96194 1.00000
-1.00000 1.00000 1.00000
-1.14645 0.85355 -1.00000
-1.22221 0.91573 -1.00000
-1.00000 1.00000 -1.00000
-1.14645 0.85355 1.00000
-1.08426 0.77778 1.00000
-1.00000 1.00000 1.00000
-1.00050 0.50513 1.00000
-1.00961 0.59755 -1.00000
-1.00048 0.50488 0.90000
-1.00000 1.00000 1.00000
-1.30866 0.96194 1.00000
-1.22221 0.91573 1.00000
-1.00000 1.00000 1.00000
-1.22221 0.91573 1.00000
-1.14645 0.85355 1.00000
-1.00000 1.00000 1.00000
-1.08426 0.77778 1.00000
-1.03806 0.69134 1.00000
-1.00000 1.00000 1.00000
-1.03806 0.69134 1.00000
-1.00961 0.59754 1.00000
-1.00000 1.00000 -1.00000
-1.00000 0.50000 -1.00000
-1.00000 0.50000 -1.00000
-1.00961 0.59755 -1.00000
-1.50000 1.00000 -1.00000
-1.50000 1.00000 1.00000
-1.50000 1.00000 1.00000
-1.50000 1.00000 -1.00000
-1.00000 1.00000 1.00000
-1.00961 0.59754 1.00000
-1.00000 0.50000 1.00000
-1.00000 0.50000 1.00000
-1.00000 0.50000 1.00000
-1.00000 0.50000 1.00000
-1.00000 0.50000 -1.00000
-1.00000 0.50000 -1.00000
-1.50000 1.00000 1.00000
-1.50000 1.00000 -1.00000
-1.50000 1.00000 -1.00000
-1.50000 1.00000 1.00000
-1.50000 1.00000 -1.00000
-1.40245 0.99039 -1.00000
-1.40245 0.99039 1.00000
-1.50000 1.00000 1.00000
-1.30866 0.96194 -1.00000
-1.30866 0.96194 1.00000
-1.40245 0.99039 1.00000
-1.40245 0.99039 -1.00000
-1.00000 0.50000 1.00000
-1.00048 0.50486 0.90000
-1.00000 0.50000 -1.00000
-1.00000 0.50000 1.00000
-1.14645 0.85355 1.00000
-1.22221 0.91573 1.00000
-1.22221 0.91573 -1.00000
-1.14645 0.85355 -1.00000
-1.22221 0.91573 1.00000
-1.30866 0.96194 1.00000
-1.30866 0.96194 -1.00000
-1.22221 0.91573 -1.00000
-1.08426 0.77778 1.00000
-1.14645 0.85355 1.00000
-1.14645 0.85355 -1.00000
-1.08426 0.77779 -1.00000
-1.03806 0.69134 1.00000
-1.08426 0.77778 1.00000
-1.08426 0.77779 -1.00000
-1.03806 0.69134 -1.00000
-1.00961 0.59755 -1.00000
-1.00000 0.50000 -1.00000
-1.00048 0.50486 0.90000
-1.00048 0.50488 0.90000
-1.00961 0.59754 1.00000
-1.03806 0.69134 1.00000
-1.03806 0.69134 -1.00000
-1.00961 0.59755 -1.00000

-0.00000 1.00000 0.00000
-0.00000 1.00000 0.00000
-0.00000 1.00000 0.00000
-0.00000 0.00000 0.00000
-0.00000 0.00000 0.00000
-0.00000 0.00000 0.00000
-0.13506 -0.01330 0.99075
-0.13506 -0.01330 0.99075
-0.13506 -0.01330 0.99075
-0.99519 -0.09801 0.00000
-0.99519 -0.09801 0.00000
-0.99519 -0.09801 0.00000
-0.00000 0.00000 0.00000
-0.00000 0.00000 0.00000
-0.00000 0.00000 0.00000
0.00000 0.00000 1.00000
0.00000 0.00000 1.00000
0.00000 0.00000 1.00000
0.00000 -0.00000 -1.00000
0.00000 -0.00000 -1.00000
0.00000 -0.00000 -1.00000
-0.00000 0.00000 -1.00000
-0.00000 0.00000 -1.00000
-0.00000 0.00000 -1.00000
0.00000 0.00000 -1.00000
0.00000 0.00000 -1.00000
0.00000 0.00000 -1.00000
0.00000 0.00000 1.00000
0.00000 0.00000 1.00000
0.00000 0.00000 1.00000
-0.00000 0.00001 1.00000
-0.00000 0.00001 1.00000
-0.00000 0.00001 1.00000
-0.09802 -0.99518 0.00000
-0.09802 -0.99518 0.00000
-0.09802 -0.99518 0.00000
-0.00000 -1.00000 0.00000
-0.00000 -1.00000 0.00000
-0.00000 -1.00000 0.00000
0.09950 -0.99504 -0.00000
0.09950 -0.99504 -0.00000
0.09950 -0.99504 -0.00000
0.00000 0.00000 -1.00000
0.00000 0.00000 -1.00000
0.00000 0.00000 -1.00000
0.00000 -0.00000 -1.00000
0.00000 -0.00000 -1.00000
0.00000 -0.00000 -1.00000
0.00000 0.00001 -1.00000
0.00000 0.00001 -1.00000
0.00000 0.00001 -1.00000
-0.00000 -0.00000 1.00000
-0.00000 -0.00000 1.00000
-0.00000 -0.00000 1.00000
0.00000 0.00000 -1.00000
0.00000 0.00000 -1.00000
0.00000 0.00000 -1.00000
-0.00000 -0.00000 1.00000
-0.00000 -0.00000 1.00000
-0.00000 -0.00000 1.00000
-0.99518 -0.09802 0.00000
-0.99518 -0.09802 0.00000
-0.99518 -0.09802 0.00000
-0.00000 -0.00000 1.00000
-0.00000 -0.00000 1.00000
-0.00000 -0.00000 1.00000
-0.00000 -0.00000 1.00000
-0.00000 -0.00000 1.00000
-0.00000 -0.00000 1.00000
-0.00000 -0.00000 1.00000
-0.00000 -0.00000 1.00000
-0.00000 -0.00000 1.00000
-0.00000 -0.00000 1.00000
-0.00000 -0.00000 1.00000
-0.00000 -0.00000 1.00000
-0.00000 0.00000 -1.00000
-0.00000 0.00000 -1.00000
-0.00000 0.00000 -1.00000
-0.00000 0.00000 -1.00000
-0.00000 1.00000 0.00000
-0.00000 1.00000 0.00000
-0.00000 1.00000 0.00000
-0.00000 1.00000 0.00000
-0.00000 -0.00000 1.00000
-0.00000 -0.00000 1.00000
-0.00000 -0.00000 1.00000
-0.00000 -0.00000 1.00000
-0.00000 -1.00000 0.00000
-0.00000 -1.00000 0.00000
-0.00000 -1.00000 0.00000
-0.00000 -1.00000 0.00000
-1.00000 0.00000 -0.00000
-1.00000 0.00000 -0.00000
-1.00000 0.00000 -0.00000
-1.00000 0.00000 -0.00000
-0.09802 -0.99518 0.00000
-0.09802 -0.99518 0.00000
-0.09802 -0.99518 0.00000
-0.09802 -0.99518 0.00000
-0.29029 -0.95694 0.00000
-0.29029 -0.95694 0.00000
-0.29029 -0.95694 0.00000
-0.29029 -0.95694 0.00000
-0.99519 -0.09800 0.00000
-0.99519 -0.09800 0.00000
-0.99519 -0.09800 0.00000
-0.99519 -0.09800 0.00000
-0.63439 -0.77301 0.00000
-0.63439 -0.77301 0.00000
-0.63439 -0.77301 0.00000
-0.63439 -0.77301 0.00000
-0.47140 -0.88192 0.00000
-0.47140 -0.88192 0.00000
-0.47140 -0.88192 0.00000
-0.47140 -0.88192 0.00000
-0.77301 -0.63439 0.00000
-0.77301 -0.63439 0.00000
-0.77301 -0.63439 0.00000
-0.77301 -0.63439 0.00000
-0.88192 -0.47140 0.00000
-0.88192 -0.47140 0.00000
-0.88192 -0.47140 0.00000
-0.88192 -0.47140 0.00000
-0.99518 -0.09802 0.00000
-0.99518 -0.09802 0.00000
-0.99518 -0.09802 0.00000
-0.99518 -0.09802 0.00000
-0.95694 -0.29028 0.00000
-0.95694 -0.29028 0.00000
-0.95694 -0.29028 0.00000
-0.95694 -0.29028 0.00000

1.00000 1.00000
1.00000 1.00000
1.00000 1.00000
1.00000 0.00000
1.00000 0.00000
1.00000 0.00000
0.19509 1.00000
0.01027 1.00000
0.00000 1.00000
0.19509 1.00000
0.19509 0.00000
0.01027 1.00000
1.00000 1.00000
1.00000 0.00000
1.00000 0.00000
1.00000 1.00000
1.00000 1.00000
1.00000 1.00000
1.00000 0.00000
0.92388 0.00000
0.98078 0.00000
1.00000 0.00000
0.38268 0.00000
0.55557 0.00000
0.55557 0.00000
0.70711 0.00000
1.00000 0.00000
0.00000 1.00000
0.00000 1.00000
0.00000 1.00000
1.00000 1.00000
1.00000 1.00000
0.98078 1.00000
0.98078 1.00000
1.00000 1.00000
1.00000 1.00000
1.00000 1.00000
1.00000 0.00000
1.00000 1.00000
1.00000 1.00000
1.00000 0.00000
1.00000 1.00000
1.00000 0.00000
0.19509 0.00000
0.38268 0.00000
1.00000 0.00000
0.83147 0.00000
0.92388 0.00000
0.98078 0.00000
1.00000 0.00000
1.00000 0.00000
0.98078 1.00000
0.92388 1.00000
1.00000 1.00000
0.70711 0.00000
0.83147 0.00000
1.00000 0.00000
0.70711 1.00000
0.55557 1.00000
1.00000 1.00000
0.01027 1.00000
0.19509 0.00000
0.00975 0.95000
1.00000 1.00000
0.92388 1.00000
0.83147 1.00000
1.00000 1.00000
0.83147 1.00000
0.70711 1.00000
1.00000 1.00000
0.55557 1.00000
0.38268 1.00000
1.00000 1.00000
0.38268 1.00000
0.19509 1.00000
1.00000 0.00000
0.00000 0.00000
0.00000 0.00000
0.19509 0.00000
1.00000 0.00000
1.00000 1.00000
1.00000 1.00000
1.00000 0.00000
1.00000 1.00000
0.19509 1.00000
0.00000 1.00000
0.00000 1.00000
0.00000 1.00000
0.00000 1.00000
0.00000 0.00000
0.00000 0.00000
1.00000 1.00000
1.00000 0.00000
1.00000 0.00000
1.00000 1.00000
1.00000 0.00000
0.98078 0.00000
0.98078 1.00000
1.00000 1.00000
0.92388 0.00000
0.92388 1.00000
0.98078 1.00000
0.98078 0.00000
0.00000 1.00000
0.00973 0.95000
0.00000 0.00000
0.00000 1.00000
0.70711 1.00000
0.83147 1.00000
0.83147 0.00000
0.70711 0.00000
0.83147 1.00000
0.92388 1.00000
0.92388 0.00000
0.83147 0.00000
0.55557 1.00000
0.70711 1.00000
0.70711 0.00000
0.55557 0.00000
0.38268 1.00000
0.55557 1.00000
0.55557 0.00000
0.38268 0.00000
0.19509 0.00000
0.00000 0.00000
0.00973 0.95000
0.00975 0.95000
0.19509 1.00000
0.38268 1.00000
0.38268 0.00000
0.19509 0.00000

53
0 1 2
3 4 5
6 7 8
9 10 11
12 13 14
15 16 17
18 19 20
21 22 23
24 25 26
27 28 29
30 31 32
33 34 35
36 37 38
39 40 41
42 43 44
45 46 47
48 49 50
51 52 53
54 55 56
57 58 59
60 61 62
63 64 65
66 67 68
69 70 71
72 73 74
75 76 77
75 77 78
79 80 81
79 81 82
83 84 85
83 85 86
87 88 89
87 89 90
91 92 93
91 93 94
95 96 97
95 97 98
99 100 101
99 101 102
103 104 105
103 105 106
107 108 109
107 109 110
111 112 113
111 113 114
115 116 117
115 117 118
119 120 121
119 121 122
123 124 125
123 125 126
127 128 129
127 129 130

demo3.bmp
20
-0.70000 1.50000 -1.00000
-1.00000 1.50000 -1.00000
-1.00000 1.50000 1.00000
-0.70000 1.50000 1.00000
-0.70000 1.00000 -1.00000
-0.70000 1.50000 -1.00000
-0.70000 1.50000 1.00000
-0.70000 1.00000 1.00000
-0.70000 1.00000 1.00000
-0.70000 1.50000 1.00000
-1.00000 1.50000 1.00000
-1.50000 1.00000 1.00000
-1.50000 1.00000 1.00000
-1.00000 1.50000 1.00000
-1.00000 1.50000 -1.00000
-1.50000 1.00000 -1.00000
-0.70000 1.50000 -1.00000
-0.70000 1.00000 -1.00000
-1.50000 1.00000 -1.00000
-1.00000 1.50000 -1.00000

-0.00000 1.00000 0.00000
-0.00000 1.00000 0.00000
-0.00000 1.00000 0.00000
-0.00000 1.00000 0.00000
1.00000 0.00000 0.00000
1.00000 0.00000 0.00000
1.00000 0.00000 0.00000
1.00000 0.00000 0.00000
-0.00000 -0.00000 1.00000
-0.00000 -0.00000 1.00000
-0.00000 -0.00000 1.00000
-0.00000 -0.00000 1.00000
-0.70711 0.70711 -0.00000
-0.70711 0.70711 -0.00000
-0.70711 0.70711 -0.00000
-0.70711 0.70711 -0.00000
0.00000 0.00000 -1.00000
0.00000 0.00000 -1.00000
0.00000 0.00000 -1.00000
0.00000 0.00000 -1.00000

1.00000 0.15000
1.00000 0.00000
0.00000 -0.00000
-0.00000 0.15000
0.00000 0.00000
0.25000 -0.00000
0.25000 -1.00000
0.00000 -1.00000
0.00000 0.15000
0.25000 0.15000
0.25000 -0.00000
0.00000 -0.00000
0.00000 0.00000
0.25000 0.00000
0.25000 1.00000
0.00000 1.00000
0.25000 0.15000
0.00000 0.15000
0.00000 0.00000
0.25000 0.00000

10
0 1 2
0 2 3
4 5 6
4 6 7
8 9 10
8 10 11
12 13 14
12 14 15
16 17 18
16 18 19

wood2.bmp
131
1.50000 1.00000 -1.00000
1.50000 1.00000 -1.00000
1.50000 1.00000 -1.00000
1.50000 1.00000 1.00000
1.50000 1.00000 1.00000
1.50000 1.00000 1.00000
1.00961 0.59754 -1.00000
1.00051 0.50513 -1.00000
1.00000 0.50000 -1.00000
1.00961 0.59754 -1.00000
1.00961 0.59755 1.00000
1.00051 0.50513 -1.00000
1.50000 1.00000 -1.00000
1.50000 1.00000 1.00000
1.50000 1.00000 1.00000
1.50000 1.00000 -1.00000
1.50000 1.00000 -1.00000
1.50000 1.00000 -1.00000
1.00000 1.00000 1.00000
1.30866 0.96194 1.00000
1.40246 0.99039 1.00000
1.00000 1.00000 1.00000
1.03806 0.69134 1.00000
1.08427 0.77779 1.00000
1.08427 0.77779 1.00000
1.14645 0.85355 1.00000
1.00000 1.00000 1.00000
1.00000 0.50000 -1.00000
1.00000 0.50000 -1.00000
1.00000 0.50000 -1.00000
1.00000 1.00000 -1.00000
1.50000 1.00000 -1.00000
1.40245 0.99039 -1.00000
1.40245 0.99039 -1.00000
1.50000 1.00000 -1.00000
1.50000 1.00000 -1.00000
1.50000 1.00000 -1.00000
1.50000 1.00000 1.00000
1.50000 1.00000 -1.00000
1.50000 1.00000 -1.00000
1.50000 1.00000 1.00000
1.50000 1.00000 -1.00000
1.00000 1.00000 1.00000
1.00961 0.59755 1.00000
1.03806 0.69134 1.00000
1.00000 1.00000 1.00000
1.22222 0.91573 1.00000
1.30866 0.96194 1.00000
1.40246 0.99039 1.00000
1.50000 1.00000 1.00000
1.00000 1.00000 1.00000
1.40245 0.99039 -1.00000
1.30866 0.96194 -1.00000
1.00000 1.00000 -1.00000
1.14645 0.85355 1.00000
1.22222 0.91573 1.00000
1.00000 1.00000 1.00000
1.14645 0.85355 -1.00000
1.08426 0.77778 -1.00000
1.00000 1.00000 -1.00000
1.00051 0.50513 -1.00000
1.00961 0.59755 1.00000
1.00048 0.50488 -0.90000
1.00000 1.00000 -1.00000
1.30866 0.96194 -1.00000
1.22221 0.91573 -1.00000
1.00000 1.00000 -1.00000
1.22221 0.91573 -1.00000
1.14645 0.85355 -1.00000
1.00000 1.00000 -1.00000
1.08426 0.77778 -1.00000
1.03806 0.69134 -1.00000
1.00000 1.00000 -1.00000
1.03806 0.69134 -1.00000
1.00961 0.59754 -1.00000
1.00000 1.00000 1.00000
1.00000 0.50000 1.00000
1.00000 0.50000 1.00000
1.00961 0.59755 1.00000
1.50000 1.00000 1.00000
1.50000 1.00000 -1.00000
1.50000 1.00000 -1.00000
1.50000 1.00000 1.00000
1.00000 1.00000 -1.00000
1.00961 0.59754 -1.00000
1.00000 0.50000 -1.00000
1.00000 0.50000 -1.00000
1.00000 0.50000 -1.00000
1.00000 0.50000 -1.00000
1.00000 0.50000 1.00000
1.00000 0.50000 1.00000
1.50000 1.00000 -1.00000
1.50000 1.00000 1.00000
1.50000 1.00000 1.00000
1.50000 1.00000 -1.00000
1.50000 1.00000 1.00000
1.40246 0.99039 1.00000
1.40245 0.99039 -1.00000
1.50000 1.00000 -1.00000
1.30866 0.96194 1.00000
1.30866 0.96194 -1.00000
1.40245 0.99039 -1.00000
1.40246 0.99039 1.00000
1.00000 0.50000 -1.00000
1.00048 0.50486 -0.90000
1.00000 0.50000 1.00000
1.00000 0.50000 -1.00000
1.14645 0.85355 -1.00000
1.22221 0.91573 -1.00000
1.22222 0.91573 1.00000
1.14645 0.85355 1.00000
1.22221 0.91573 -1.00000
1.30866 0.96194 -1.00000
1.30866 0.96194 1.00000
1.22222 0.91573 1.00000
1.08426 0.77778 -1.00000
1.14645 0.85355 -1.00000
1.14645 0.85355 1.00000
1.08427 0.77779 1.00000
1.03806 0.69134 -1.00000
1.08426 0.77778 -1.00000
1.08427 0.77779 1.00000
1.03806 0.69134 1.00000
1.00961 0.59755 1.00000
1.00000 0.50000 1.00000
1.00048 0.50486 -0.90000
1.00048 0.50488 -0.90000
1.00961 0.59754 -1.00000
1.03806 0.69134 -1.00000
1.03806 0.69134 1.00000
1.00961 0.59755 1.00000

-0.00000 1.00000 0.00000
-0.00000 1.00000 0.00000
-0.00000 1.00000 0.00000
-0.00000 0.00000 0.00000
-0.00000 0.00000 0.00000
-0.00000 0.00000 0.00000
0.13506 -0.01330 -0.99075
0.13506 -0.01330 -0.99075
0.13506 -0.01330 -0.99075
0.99519 -0.09801 -0.00000
0.99519 -0.09801 -0.00000
0.99519 -0.09801 -0.00000
-0.00000 0.00000 0.00000
-0.00000 0.00000 0.00000
-0.00000 0.00000 0.00000
-0.00000 0.00000 -1.00000
-0.00000 0.00000 -1.00000
-0.00000 0.00000 -1.00000
-0.00000 -0.00000 1.00000
-0.00000 -0.00000 1.00000
-0.00000 -0.00000 1.00000
0.00000 0.00000 1.00000
0.00000 0.00000 1.00000
0.00000 0.00000 1.00000
-0.00000 0.00000 1.00000
-0.00000 0.00000 1.00000
-0.00000 0.00000 1.00000
-0.00000 0.00000 -1.00000
-0.00000 0.00000 -1.00000
-0.00000 0.00000 -1.00000
0.00000 0.00001 -1.00000
0.00000 0.00001 -1.00000
0.00000 0.00001 -1.00000
0.09802 -0.99518 0.00000
0.09802 -0.99518 0.00000
0.09802 -0.99518 0.00000
-0.00000 -1.00000 0.00000
-0.00000 -1.00000 0.00000
-0.00000 -1.00000 0.00000
-0.09950 -0.99504 0.00000
-0.09950 -0.99504 0.00000
-0.09950 -0.99504 0.00000
-0.00000 0.00000 1.00000
-0.00000 0.00000 1.00000
-0.00000 0.00000 1.00000
-0.00000 -0.00000 1.00000
-0.00000 -0.00000 1.00000
-0.00000 -0.00000 1.00000
-0.00000 0.00001 1.00000
-0.00000 0.00001 1.00000
-0.00000 0.00001 1.00000
0.00000 -0.00000 -1.00000
0.00000 -0.00000 -1.00000
0.00000 -0.00000 -1.00000
-0.00000 0.00000 1.00000
-0.00000 0.00000 1.00000
-0.00000 0.00000 1.00000
0.00000 -0.00000 -1.00000
0.00000 -0.00000 -1.00000
0.00000 -0.00000 -1.00000
0.99518 -0.09802 -0.00000
0.99518 -0.09802 -0.00000
0.99518 -0.09802 -0.00000
0.00000 -0.00000 -1.00000
0.00000 -0.00000 -1.00000
0.00000 -0.00000 -1.00000
0.00000 -0.00000 -1.00000
0.00000 -0.00000 -1.00000
0.00000 -0.00000 -1.00000
0.00000 -0.00000 -1.00000
0.00000 -0.00000 -1.00000
0.00000 -0.00000 -1.00000
0.00000 -0.00000 -1.00000
0.00000 -0.00000 -1.00000
0.00000 -0.00000 -1.00000
0.00000 0.00000 1.00000
0.00000 0.00000 1.00000
0.00000 0.00000 1.00000
0.00000 0.00000 1.00000
-0.00000 1.00000 0.00000
-0.00000 1.00000 0.00000
-0.00000 1.00000 0.00000
-0.00000 1.00000 0.00000
0.00000 -0.00000 -1.00000
0.00000 -0.00000 -1.00000
0.00000 -0.00000 -1.00000
0.00000 -0.00000 -1.00000
-0.00000 -1.00000 0.00000
-0.00000 -1.00000 0.00000
-0.00000 -1.00000 0.00000
-0.00000 -1.00000 0.00000
1.00000 0.00000 0.00000
1.00000 0.00000 0.00000
1.00000 0.00000 0.00000
1.00000 0.00000 0.00000
0.09802 -0.99518 -0.00000
0.09802 -0.99518 -0.00000
0.09802 -0.99518 -0.00000
0.09802 -0.99518 -0.00000
0.29029 -0.95694 -0.00000
0.29029 -0.95694 -0.00000
0.29029 -0.95694 -0.00000
0.29029 -0.95694 -0.00000
0.99519 -0.09800 0.00000
0.99519 -0.09800 0.00000
0.99519 -0.09800 0.00000
0.99519 -0.09800 0.00000
0.63439 -0.77301 -0.00000
0.63439 -0.77301 -0.00000
0.63439 -0.77301 -0.00000
0.63439 -0.77301 -0.00000
0.47140 -0.88192 -0.00000
0.47140 -0.88192 -0.00000
0.47140 -0.88192 -0.00000
0.47140 -0.88192 -0.00000
0.77301 -0.63439 -0.00000
0.77301 -0.63439 -0.00000
0.77301 -0.63439 -0.00000
0.77301 -0.63439 -0.00000
0.88192 -0.47140 -0.00000
0.88192 -0.47140 -0.00000
0.88192 -0.47140 -0.00000
0.88192 -0.47140 -0.00000
0.99518 -0.09802 0.00000
0.99518 -0.09802 0.00000
0.99518 -0.09802 0.00000
0.99518 -0.09802 0.00000
0.95694 -0.29028 -0.00000
0.95694 -0.29028 -0.00000
0.95694 -0.29028 -0.00000
0.95694 -0.29028 -0.00000

1.00000 1.00000
1.00000 1.00000
1.00000 1.00000
1.00000 0.00000
1.00000 0.00000
1.00000 0.00000
0.19509 1.00000
0.01027 1.00000
0.00000 1.00000
0.19509 1.00000
0.19509 0.00000
0.01027 1.00000
1.00000 1.00000
1.00000 0.00000
1.00000 0.00000
1.00000 1.00000
1.00000 1.00000
1.00000 1.00000
1.00000 0.00000
0.92388 0.00000
0.98078 0.00000
1.00000 0.00000
0.38268 0.00000
0.55557 0.00000
0.55557 0.00000
0.70711 0.00000
1.00000 0.00000
0.00000 1.00000
0.00000 1.00000
0.00000 1.00000
1.00000 1.00000
1.00000 1.00000
0.98078 1.00000
0.98078 1.00000
1.00000 1.00000
1.00000 1.00000
1.00000 1.00000
1.00000 0.00000
1.00000 1.00000
1.00000 1.00000
1.00000 0.00000
1.00000 1.00000
1.00000 0.00000
0.19509 0.00000
0.38268 0.00000
1.00000 0.00000
0.83147 0.00000
0.92388 0.00000
0.98078 0.00000
1.00000 0.00000
1.00000 0.00000
0.98078 1.00000
0.92388 1.00000
1.00000 1.00000
0.70711 0.00000
0.83147 0.00000
1.00000 0.00000
0.70711 1.00000
0.55557 1.00000
1.00000 1.00000
0.01027 1.00000
0.19509 0.00000
0.00975 0.95000
1.00000 1.00000
0.92388 1.00000
0.83147 1.00000
1.00000 1.00000
0.83147 1.00000
0.70711 1.00000
1.00000 1.00000
0.55557 1.00000
0.38268 1.00000
1.00000 1.00000
0.38268 1.00000
0.19509 1.00000
1.00000 0.00000
0.00000 0.00000
0.00000 0.00000
0.19509 0.00000
1.00000 0.00000
1.00000 1.00000
1.00000 1.00000
1.00000 0.00000
1.00000 1.00000
0.19509 1.00000
0.00000 1.00000
0.00000 1.00000
0.00000 1.00000
0.00000 1.00000
0.00000 0.00000
0.00000 0.00000
1.00000 1.00000
1.00000 0.00000
1.00000 0.00000
1.00000 1.00000
1.00000 0.00000
0.98078 0.00000
0.98078 1.00000
1.00000 1.00000
0.92388 0.00000
0.92388 1.00000
0.98078 1.00000
0.98078 0.00000
0.00000 1.00000
0.00973 0.95000
0.00000 0.00000
0.00000 1.00000
0.70711 1.00000
0.83147 1.00000
0.83147 0.00000
0.70711 0.00000
0.83147 1.00000
0.92388 1.00000
0.92388 0.00000
0.83147 0.00000
0.55557 1.00000
0.70711 1.00000
0.70711 0.00000
0.55557 0.00000
0.38268 1.00000
0.55557 1.00000
0.55557 0.00000
0.38268 0.00000
0.19509 0.00000
0.00000 0.00000
0.00973 0.95000
0.00975 0.95000
0.19509 1.00000
0.38268 1.00000
0.38268 0.00000
0.19509 0.00000

53
0 1 2
3 4 5
6 7 8
9 10 11
12 13 14
15 16 17
18 19 20
21 22 23
24 25 26
27 28 29
30 31 32
33 34 35
36 37 38
39 40 41
42 43 44
45 46 47
48 49 50
51 52 53
54 55 56
57 58 59
60 61 62
63 64 65
66 67 68
69 70 71
72 73 74
75 76 77
75 77 78
79 80 81
79 81 82
83 84 85
83 85 86
87 88 89
87 89 90
91 92 93
91 93 94
95 96 97
95 97 98
99 100 101
99 101 102
103 104 105
103 105 106
107 108 109
107 109 110
111 112 113
111 113 114
115 116 117
115 117 118
119 120 121
119 121 122
123 124 125
123 125 126
127 128 129
127 129 130

demo3.bmp
20
0.70000 1.50000 1.00000
1.00000 1.50000 1.00000
1.00000 1.50000 -1.00000
0.70000 1.50000 -1.00000
0.70000 1.00000 1.00000
0.70000 1.50000 1.00000
0.70000 1.50000 -1.00000
0.70000 1.00000 -1.00000
0.70000 1.00000 -1.00000
0.70000 1.50000 -1.00000
1.00000 1.50000 -1.00000
1.50000 1.00000 -1.00000
1.50000 1.00000 -1.00000
1.00000 1.50000 -1.00000
1.00000 1.50000 1.00000
1.50000 1.00000 1.00000
0.70000 1.50000 1.00000
0.70000 1.00000 1.00000
1.50000 1.00000 1.00000
1.00000 1.50000 1.00000

-0.00000 1.00000 0.00000
-0.00000 1.00000 0.00000
-0.00000 1.00000 0.00000
-0.00000 1.00000 0.00000
-1.00000 0.00000 -0.00000
-1.00000 0.00000 -0.00000
-1.00000 0.00000 -0.00000
-1.00000 0.00000 -0.00000
0.00000 -0.00000 -1.00000
0.00000 -0.00000 -1.00000
0.00000 -0.00000 -1.00000
0.00000 -0.00000 -1.00000
0.70711 0.70711 0.00000
0.70711 0.70711 0.00000
0.70711 0.70711 0.00000
0.70711 0.70711 0.00000
-0.00000 0.00000 1.00000
-0.00000 0.00000 1.00000
-0.00000 0.00000 1.00000
-0.00000 0.00000 1.00000

1.00000 0.15000
1.00000 0.00000
0.00000 -0.00000
-0.00000 0.15000
0.00000 0.00000
0.25000 -0.00000
0.25000 -1.00000
0.00000 -1.00000
0.00000 0.15000
0.25000 0.15000
0.25000 -0.00000
0.00000 -0.00000
0.00000 0.00000
0.25000 0.00000
0.25000 1.00000
0.00000 1.00000
0.25000 0.15000
0.00000 0.15000
0.00000 0.00000
0.25000 0.00000

10
0 1 2
0 2 3
4 5 6
4 6 7
8 9 10
8 10 11
12 13 14
12 14 15
16 17 18
16 18 19

