4
demo3.bmp
56
-1.00000 1.50000 -1.00000
-0.70576 1.50000 -0.94147
-0.70000 1.50000 -1.00000
-1.00000 1.50000 -1.00000
-0.72284 1.50000 -0.88520
-0.70576 1.50000 -0.94147
-1.00000 1.50000 -1.00000
-0.75056 1.50000 -0.83333
-0.72284 1.50000 -0.88520
-1.00000 1.50000 -1.00000
-0.78787 1.50000 -0.78787
-0.75056 1.50000 -0.83333
-1.00000 1.50000 -1.00000
-0.83333 1.50000 -0.75056
-0.78787 1.50000 -0.78787
-1.00000 1.50000 -1.00000
-0.88519 1.50000 -0.72284
-0.83333 1.50000 -0.75056
-1.00000 1.50000 -1.00000
-0.94147 1.50000 -0.70576
-0.88519 1.50000 -0.72284
-1.00000 1.50000 -1.00000
-1.00000 1.50000 -0.70000
-0.94147 1.50000 -0.70576
-0.70000 1.00000 -1.00000
-0.70000 1.50000 -1.00000
-0.70576 1.50000 -0.94147
-0.70576 1.00000 -0.94147
-0.70576 1.00000 -0.94147
-0.70576 1.50000 -0.94147
-0.72284 1.50000 -0.88520
-0.72284 1.00000 -0.88519
-0.72284 1.00000 -0.88519
-0.72284 1.50000 -0.88520
-0.75056 1.50000 -0.83333
-0.75056 1.00000 -0.83333
-0.75056 1.00000 -0.83333
-0.75056 1.50000 -0.83333
-0.78787 1.50000 -0.78787
-0.78787 1.00000 -0.78787
-0.78787 1.00000 -0.78787
-0.78787 1.50000 -0.78787
-0.83333 1.50000 -0.75056
-0.83333 1.00000 -0.75056
-0.83333 1.00000 -0.75056
-0.83333 1.50000 -0.75056
-0.88519 1.50000 -0.72284
-0.88520 1.00000 -0.72284
-0.88520 1.00000 -0.72284
-0.88519 1.50000 -0.72284
-0.94147 1.50000 -0.70576
-0.94147 1.00000 -0.70576
-1.00000 1.50000 -0.70000
-1.00000 1.00000 -0.70000
-0.94147 1.00000 -0.70576
-0.94147 1.50000 -0.70576

-0.00000 1.00000 0.00000
-0.00000 1.00000 0.00000
-0.00000 1.00000 0.00000
-0.00000 1.00000 0.00000
-0.00000 1.00000 0.00000
-0.00000 1.00000 0.00000
-0.00000 1.00000 0.00000
-0.00000 1.00000 0.00000
-0.00000 1.00000 0.00000
-0.00000 1.00000 0.00000
-0.00000 1.00000 0.00000
-0.00000 1.00000 0.00000
-0.00000 1.00000 0.00000
-0.00000 1.00000 0.00000
-0.00000 1.00000 0.00000
-0.00000 1.00000 0.00000
-0.00000 1.00000 0.00000
-0.00000 1.00000 0.00000
-0.00000 1.00000 0.00000
-0.00000 1.00000 0.00000
-0.00000 1.00000 0.00000
-0.00000 1.00000 0.00000
-0.00000 1.00000 0.00000
-0.00000 1.00000 0.00000
0.99518 -0.00000 0.09802
0.99518 -0.00000 0.09802
0.99518 -0.00000 0.09802
0.99518 -0.00000 0.09802
0.95694 -0.00000 0.29028
0.95694 -0.00000 0.29028
0.95694 -0.00000 0.29028
0.95694 -0.00000 0.29028
0.88192 -0.00000 0.47139
0.88192 -0.00000 0.47139
0.88192 -0.00000 0.47139
0.88192 -0.00000 0.47139
0.77301 -0.00000 0.63439
0.77301 -0.00000 0.63439
0.77301 -0.00000 0.63439
0.77301 -0.00000 0.63439
0.63440 -0.00000 0.77301
0.63440 -0.00000 0.77301
0.63440 -0.00000 0.77301
0.63440 -0.00000 0.77301
0.47140 -0.00000 0.88192
0.47140 -0.00000 0.88192
0.47140 -0.00000 0.88192
0.47140 -0.00000 0.88192
0.29029 -0.00000 0.95694
0.29029 -0.00000 0.95694
0.29029 -0.00000 0.95694
0.29029 -0.00000 0.95694
0.09802 0.00000 0.99518
0.09802 0.00000 0.99518
0.09802 0.00000 0.99518
0.09802 0.00000 0.99518

0.50000 0.00000
0.59754 -0.49039
0.50000 -0.50000
0.50000 0.00000
0.69134 -0.46194
0.59754 -0.49039
0.50000 0.00000
0.77778 -0.41574
0.69134 -0.46194
0.50000 0.00000
0.85355 -0.35356
0.77778 -0.41574
0.50000 0.00000
0.91573 -0.27779
0.85355 -0.35356
0.50000 0.00000
0.96194 -0.19134
0.91573 -0.27779
0.50000 0.00000
0.99039 -0.09755
0.96194 -0.19134
0.50000 0.00000
1.00000 0.00000
0.99039 -0.09755
0.98333 0.50000
1.81667 0.50000
1.81667 0.59754
0.98333 0.59755
0.98333 0.59755
1.81667 0.59754
1.81667 0.69134
0.98333 0.69134
0.98333 0.69134
1.81667 0.69134
1.81667 0.77778
0.98333 0.77779
0.98333 0.77779
1.81667 0.77778
1.81667 0.85355
0.98333 0.85355
0.98333 0.64645
1.81667 0.64644
1.81667 0.72221
0.98333 0.72222
0.98333 0.72222
1.81667 0.72221
1.81667 0.80866
0.98333 0.80866
0.98333 0.80866
1.81667 0.80866
1.81667 0.90245
0.98333 0.90246
0.81667 0.00000
-0.01667 0.00000
-0.01667 -0.09754
0.81667 -0.09755

24
0 1 2
3 4 5
6 7 8
9 10 11
12 13 14
15 16 17
18 19 20
21 22 23
24 25 26
24 26 27
28 29 30
28 30 31
32 33 34
32 34 35
36 37 38
36 38 39
40 41 42
40 42 43
44 45 46
44 46 47
48 49 50
48 50 51
52 53 54
52 54 55

crate.bmp
132
0.57060 1.50000 -0.34945
0.41350 1.50000 -0.05554
0.66295 1.50000 0.11113
0.41350 1.50000 -0.05554
0.20209 1.50000 0.20207
0.41422 1.50000 0.41421
0.20209 1.50000 0.20207
-0.05552 1.50000 0.41349
0.11115 1.50000 0.66293
-0.05552 1.50000 0.41349
-0.34943 1.50000 0.57059
-0.23462 1.50000 0.84775
-0.34943 1.50000 0.57059
-0.66834 1.50000 0.66733
-0.60981 1.50000 0.96157
0.66734 1.50000 -0.66835
0.57060 1.50000 -0.34945
0.84776 1.50000 -0.23464
-1.00000 1.50000 1.00000
-0.66834 1.50000 0.66733
-1.00000 1.50000 0.70000
1.00000 1.00000 -1.00000
1.00000 1.50000 -1.00001
0.96157 1.50000 -0.60983
0.96157 1.00000 -0.60982
0.96157 1.00000 -0.60982
0.96157 1.50000 -0.60983
0.84776 1.50000 -0.23464
0.84776 1.00000 -0.23463
0.84776 1.00000 -0.23463
0.84776 1.50000 -0.23464
0.66295 1.50000 0.11113
0.66294 1.00000 0.11114
0.66294 1.00000 0.11114
0.66295 1.50000 0.11113
0.41422 1.50000 0.41421
0.41421 1.00000 0.41422
0.41421 1.00000 0.41422
0.41422 1.50000 0.41421
0.11115 1.50000 0.66293
0.11114 1.00000 0.66294
0.11114 1.00000 0.66294
0.11115 1.50000 0.66293
-0.23462 1.50000 0.84775
-0.23464 1.00000 0.84776
-0.23464 1.00000 0.84776
-0.23462 1.50000 0.84775
-0.60981 1.50000 0.96157
-0.60982 1.00000 0.96157
0.84776 1.50000 -0.23464
0.96157 1.50000 -0.60983
0.66734 1.50000 -0.66835
0.84776 1.50000 -0.23464
0.57060 1.50000 -0.34945
0.66295 1.50000 0.11113
0.66295 1.50000 0.11113
0.41350 1.50000 -0.05554
0.41422 1.50000 0.41421
0.41422 1.50000 0.41421
0.20209 1.50000 0.20207
0.11115 1.50000 0.66293
0.11115 1.50000 0.66293
-0.05552 1.50000 0.41349
-0.23462 1.50000 0.84775
-0.23462 1.50000 0.84775
-0.34943 1.50000 0.57059
-0.60981 1.50000 0.96157
-0.66834 1.50000 0.66733
-1.00000 1.50000 1.00000
-0.60981 1.50000 0.96157
-0.34943 1.50000 0.57059
-0.34944 1.00000 0.57060
-0.66834 1.50000 0.66733
0.20209 1.50000 0.20207
0.20208 1.00000 0.20208
-0.05552 1.50000 0.41349
0.57060 1.50000 -0.34945
0.57060 1.00000 -0.34944
0.41350 1.50000 -0.05554
0.66733 1.00000 -0.66835
0.66734 1.50000 -0.66835
0.70000 1.50000 -1.00001
-0.05552 1.50000 0.41349
-0.05553 1.00000 0.41350
-0.34943 1.50000 0.57059
0.41350 1.50000 -0.05554
0.41350 1.00000 -0.05553
0.20209 1.50000 0.20207
1.00000 1.50000 -1.00001
0.70000 1.50000 -1.00001
0.66734 1.50000 -0.66835
0.96157 1.50000 -0.60983
0.20208 1.00000 0.20208
-0.05553 1.00000 0.41350
-0.05552 1.50000 0.41349
0.57060 1.00000 -0.34944
0.41350 1.00000 -0.05553
0.41350 1.50000 -0.05554
0.57060 1.50000 -0.34945
0.66734 1.50000 -0.66835
0.66733 1.00000 -0.66835
-0.34944 1.00000 0.57060
-0.66835 1.00000 0.66734
-0.66834 1.50000 0.66733
-0.05553 1.00000 0.41350
-0.34944 1.00000 0.57060
-0.34943 1.50000 0.57059
0.41350 1.00000 -0.05553
0.20208 1.00000 0.20208
0.20209 1.50000 0.20207
0.66733 1.00000 -0.66835
0.57060 1.00000 -0.34944
0.57060 1.50000 -0.34945
0.70000 1.50000 -1.00001
0.70000 1.00000 -1.00001
0.66733 1.00000 -0.66835
1.00000 1.50000 -1.00001
1.00000 1.00000 -1.00000
0.70000 1.00000 -1.00001
0.70000 1.50000 -1.00001
-1.00000 1.50000 0.70000
-0.66834 1.50000 0.66733
-0.66835 1.00000 0.66734
-1.00000 1.00000 0.70000
-1.00000 1.50000 1.00000
-1.00000 1.50000 0.70000
-1.00000 1.00000 0.70000
-1.00000 1.00000 1.00000
-1.00000 1.50000 1.00000
-1.00000 1.00000 1.00000
-0.60982 1.00000 0.96157
-0.60981 1.50000 0.96157

-0.00000 1.00000 0.00000
-0.00000 1.00000 0.00000
-0.00000 1.00000 0.00000
-0.00000 1.00000 0.00000
-0.00000 1.00000 0.00000
-0.00000 1.00000 0.00000
-0.00000 1.00000 0.00000
-0.00000 1.00000 0.00000
-0.00000 1.00000 0.00000
-0.00000 1.00000 0.00000
-0.00000 1.00000 0.00000
-0.00000 1.00000 0.00000
-0.00000 1.00000 0.00000
-0.00000 1.00000 0.00000
-0.00000 1.00000 0.00000
-0.00000 1.00000 0.00000
-0.00000 1.00000 0.00000
-0.00000 1.00000 0.00000
-0.00000 1.00000 0.00000
-0.00000 1.00000 0.00000
-0.00000 1.00000 0.00000
0.99518 -0.00000 0.09802
0.99518 -0.00000 0.09802
0.99518 -0.00000 0.09802
0.99518 -0.00000 0.09802
0.95694 -0.00000 0.29028
0.95694 -0.00000 0.29028
0.95694 -0.00000 0.29028
0.95694 -0.00000 0.29028
0.88192 -0.00000 0.47139
0.88192 -0.00000 0.47139
0.88192 -0.00000 0.47139
0.88192 -0.00000 0.47139
0.77301 -0.00000 0.63439
0.77301 -0.00000 0.63439
0.77301 -0.00000 0.63439
0.77301 -0.00000 0.63439
0.63440 -0.00000 0.77301
0.63440 -0.00000 0.77301
0.63440 -0.00000 0.77301
0.63440 -0.00000 0.77301
0.47140 0.00000 0.88192
0.47140 0.00000 0.88192
0.47140 0.00000 0.88192
0.47140 0.00000 0.88192
0.29029 0.00000 0.95694
0.29029 0.00000 0.95694
0.29029 0.00000 0.95694
0.29029 0.00000 0.95694
-0.00000 1.00000 0.00000
-0.00000 1.00000 0.00000
-0.00000 1.00000 0.00000
-0.00000 1.00000 0.00000
-0.00000 1.00000 0.00000
-0.00000 1.00000 0.00000
-0.00000 1.00000 0.00000
-0.00000 1.00000 0.00000
-0.00000 1.00000 0.00000
-0.00000 1.00000 0.00000
-0.00000 1.00000 0.00000
-0.00000 1.00000 0.00000
-0.00000 1.00000 0.00000
-0.00000 1.00000 0.00000
-0.00000 1.00000 0.00000
-0.00000 1.00000 0.00000
-0.00000 1.00000 0.00000
-0.00000 1.00000 0.00000
-0.00000 1.00000 0.00000
-0.00000 1.00000 0.00000
-0.00000 1.00000 0.00000
-0.29029 -0.00000 -0.95694
-0.29029 -0.00000 -0.95694
-0.29029 -0.00000 -0.95694
-0.63440 -0.00000 -0.77301
-0.63440 -0.00000 -0.77301
-0.63440 -0.00000 -0.77301
-0.88192 -0.00000 -0.47139
-0.88192 -0.00000 -0.47139
-0.88192 -0.00000 -0.47139
-0.99519 0.00000 -0.09801
-0.99519 0.00000 -0.09801
-0.99519 0.00000 -0.09801
-0.47140 -0.00000 -0.88192
-0.47140 -0.00000 -0.88192
-0.47140 -0.00000 -0.88192
-0.77301 -0.00000 -0.63439
-0.77301 -0.00000 -0.63439
-0.77301 -0.00000 -0.63439
-0.00000 1.00000 0.00000
-0.00000 1.00000 0.00000
-0.00000 1.00000 0.00000
-0.00000 1.00000 0.00000
-0.63439 0.00000 -0.77301
-0.63439 0.00000 -0.77301
-0.63439 0.00000 -0.77301
-0.88192 0.00000 -0.47140
-0.88192 0.00000 -0.47140
-0.88192 0.00000 -0.47140
-0.95694 -0.00000 -0.29028
-0.95694 -0.00000 -0.29028
-0.95694 -0.00000 -0.29028
-0.29028 0.00000 -0.95694
-0.29028 0.00000 -0.95694
-0.29028 0.00000 -0.95694
-0.47140 0.00000 -0.88192
-0.47140 0.00000 -0.88192
-0.47140 0.00000 -0.88192
-0.77301 0.00000 -0.63439
-0.77301 0.00000 -0.63439
-0.77301 0.00000 -0.63439
-0.95694 0.00000 -0.29028
-0.95694 0.00000 -0.29028
-0.95694 0.00000 -0.29028
-0.99518 0.00000 -0.09802
-0.99518 0.00000 -0.09802
-0.99518 0.00000 -0.09802
0.00001 -0.00000 -1.00000
0.00001 -0.00000 -1.00000
0.00001 -0.00000 -1.00000
0.00001 -0.00000 -1.00000
-0.09802 -0.00000 -0.99518
-0.09802 -0.00000 -0.99518
-0.09802 -0.00000 -0.99518
-0.09802 -0.00000 -0.99518
-1.00000 0.00000 -0.00000
-1.00000 0.00000 -0.00000
-1.00000 0.00000 -0.00000
-1.00000 0.00000 -0.00000
0.09802 0.00000 0.99518
0.09802 0.00000 0.99518
0.09802 0.00000 0.99518
0.09802 0.00000 0.99518

1.33876 -0.37741
1.32617 -0.75906
1.10895 -0.74731
1.32617 -0.75906
1.31918 -1.14126
1.10297 -1.13642
1.31918 -1.14126
1.31640 -1.52162
1.10207 -1.52351
1.31640 -1.52162
1.31892 -1.89735
1.10745 -1.90937
1.31892 -1.89735
1.33154 -2.26483
1.12311 -2.29677
1.36138 0.00147
1.33876 -0.37741
1.12081 -0.35508
1.15709 -2.69805
1.33154 -2.26483
1.36749 -2.61897
-0.92169 0.52153
1.17831 0.45837
1.14165 0.04357
-0.92840 0.10144
-0.92840 0.10144
1.14165 0.04357
1.12081 -0.35508
-0.93303 -0.31753
-0.93303 -0.31753
1.12081 -0.35508
1.10895 -0.74731
-0.93539 -0.73542
-0.93539 -0.73542
1.10895 -0.74731
1.10297 -1.13642
-0.93539 -1.15231
-0.93539 -1.15231
1.10297 -1.13642
1.10207 -1.52351
-0.93306 -1.56830
-0.93306 -1.56830
1.10207 -1.52351
1.10745 -1.90937
-0.92851 -1.98359
-0.92851 -1.98359
1.10745 -1.90937
1.12311 -2.29677
-0.92203 -2.39856
1.12081 -0.35508
1.14165 0.04357
1.36138 0.00147
1.12081 -0.35508
1.33876 -0.37741
1.10895 -0.74731
1.10895 -0.74731
1.32617 -0.75906
1.10297 -1.13642
1.10297 -1.13642
1.31918 -1.14126
1.10207 -1.52351
1.10207 -1.52351
1.31640 -1.52162
1.10745 -1.90937
1.10745 -1.90937
1.31892 -1.89735
1.12311 -2.29677
1.33154 -2.26483
1.15709 -2.69805
1.12311 -2.29677
1.20506 3.32424
-0.89494 3.38741
1.20607 3.73379
1.20304 2.50514
-0.89696 2.56830
1.20405 2.91469
1.20103 1.68604
-0.89897 1.74920
1.20203 2.09559
-0.89998 1.33965
1.20002 1.27649
1.18986 0.86721
1.20405 2.91469
-0.89595 2.97786
1.20506 3.32424
1.20203 2.09559
-0.89796 2.15875
1.20304 2.50514
1.17831 0.45837
1.40419 0.37544
1.36138 0.00147
1.14165 0.04357
-0.89696 2.56830
-0.89595 2.97786
1.20405 2.91469
-0.89897 1.74920
-0.89796 2.15875
1.20203 2.09559
1.20103 1.68604
1.20002 1.27649
-0.89998 1.33965
-0.89494 3.38741
-0.89393 3.79696
1.20607 3.73379
-0.89595 2.97786
-0.89494 3.38741
1.20506 3.32424
-0.89796 2.15875
-0.89696 2.56830
1.20304 2.50514
-0.89998 1.33965
-0.89897 1.74920
1.20103 1.68604
1.18986 0.86721
-0.91013 0.93038
-0.89998 1.33965
1.17831 0.45837
-0.92169 0.52153
-0.91013 0.93038
1.18986 0.86721
1.20708 4.14334
1.20607 3.73379
-0.89393 3.79696
-0.89292 4.20651
1.15709 -2.69805
1.17227 -3.10128
-0.89955 -3.20651
-0.91473 -2.80327
1.15709 -2.69805
-0.91473 -2.80327
-0.92203 -2.39856
1.12311 -2.29677

52
0 1 2
3 4 5
6 7 8
9 10 11
12 13 14
15 16 17
18 19 20
21 22 23
21 23 24
25 26 27
25 27 28
29 30 31
29 31 32
33 34 35
33 35 36
37 38 39
37 39 40
41 42 43
41 43 44
45 46 47
45 47 48
49 50 51
52 53 54
55 56 57
58 59 60
61 62 63
64 65 66
67 68 69
70 71 72
73 74 75
76 77 78
79 80 81
82 83 84
85 86 87
88 89 90
88 90 91
92 93 94
95 96 97
98 99 100
101 102 103
104 105 106
107 108 109
110 111 112
113 114 115
116 117 118
116 118 119
120 121 122
120 122 123
124 125 126
124 126 127
128 129 130
128 130 131

demo3.bmp
32
1.00461 -1.00000 -1.00000
1.00461 1.00000 -1.00000
0.96262 1.00000 -0.60408
0.96262 -1.00000 -0.60407
0.96262 -1.00000 -0.60407
0.96262 1.00000 -0.60407
0.84587 1.00000 -0.22087
0.84587 -1.00000 -0.22087
0.84587 -1.00000 -0.22087
0.84587 1.00000 -0.22087
0.65261 1.00000 0.12913
0.65261 -1.00000 0.12913
0.65261 -1.00000 0.12913
0.65261 1.00000 0.12913
0.39671 1.00000 0.43464
0.39671 -1.00000 0.43464
0.39671 -1.00000 0.43464
0.39670 1.00000 0.43464
0.08352 1.00000 0.68144
0.08352 -1.00000 0.68144
0.08351 -1.00000 0.68144
0.08351 1.00000 0.68144
-0.27263 1.00000 0.86329
-0.27263 -1.00000 0.86329
-0.27263 -1.00000 0.86329
-0.27263 1.00000 0.86329
-0.65888 1.00000 0.96944
-0.65888 -1.00000 0.96944
-0.65888 -1.00000 0.96944
-0.65888 1.00000 0.96944
-0.99539 1.00000 1.00000
-0.99539 -1.00000 1.00000

0.99442 -0.00000 0.10547
0.99442 -0.00000 0.10547
0.99442 -0.00000 0.10547
0.99442 -0.00000 0.10547
0.95659 -0.00000 0.29145
0.95659 -0.00000 0.29145
0.95659 -0.00000 0.29145
0.95659 -0.00000 0.29145
0.87541 -0.00000 0.48338
0.87541 -0.00000 0.48338
0.87541 -0.00000 0.48338
0.87541 -0.00000 0.48338
0.76660 -0.00000 0.64213
0.76660 -0.00000 0.64213
0.76660 -0.00000 0.64213
0.76660 -0.00000 0.64213
0.61894 -0.00000 0.78544
0.61894 -0.00000 0.78544
0.61894 -0.00000 0.78544
0.61894 -0.00000 0.78544
0.45476 -0.00000 0.89062
0.45476 -0.00000 0.89062
0.45476 -0.00000 0.89062
0.45476 -0.00000 0.89062
0.26499 -0.00000 0.96425
0.26499 -0.00000 0.96425
0.26499 -0.00000 0.96425
0.26499 -0.00000 0.96425
0.09045 -0.00000 0.99590
0.09045 -0.00000 0.99590
0.09045 -0.00000 0.99590
0.09045 -0.00000 0.99590

1.00000 0.00000
0.00000 0.00000
0.00000 0.19796
1.00000 0.19796
0.00000 0.19796
-1.00000 0.19796
-1.00000 0.38956
0.00000 0.38956
1.00000 0.38956
0.00000 0.38957
0.00000 0.56457
1.00000 0.56457
1.00000 0.56457
0.00000 0.56457
0.00000 0.71732
1.00000 0.71732
0.00000 0.30165
-1.00000 0.30165
-1.00000 0.45824
-0.00000 0.45824
1.00000 0.45824
0.00000 0.45824
0.00000 0.63631
1.00000 0.63632
1.00000 0.63632
0.00000 0.63632
0.00000 0.82944
1.00000 0.82944
1.00000 0.82944
0.00000 0.82944
0.00000 0.99769
1.00000 0.99769

16
0 1 2
0 2 3
4 5 6
4 6 7
8 9 10
8 10 11
12 13 14
12 14 15
16 17 18
16 18 19
20 21 22
20 22 23
24 25 26
24 26 27
28 29 30
28 30 31

floor1.bmp
32
-0.70387 1.00000 -0.93995
0.66854 1.00000 -0.66335
0.70461 1.00000 -1.00000
-0.69539 1.00000 -1.00000
-0.71969 1.00000 -0.88346
0.56960 1.00000 -0.33780
0.66854 1.00000 -0.66335
-0.70387 1.00000 -0.93995
-0.74950 1.00000 -0.83217
0.40518 1.00000 -0.04051
0.56960 1.00000 -0.33780
-0.71969 1.00000 -0.88346
-0.78717 1.00000 -0.78537
0.18779 1.00000 0.21934
0.40518 1.00000 -0.04051
-0.74950 1.00000 -0.83217
-0.83504 1.00000 -0.74903
-0.07858 1.00000 0.42900
0.18779 1.00000 0.21934
-0.78717 1.00000 -0.78537
-0.88731 1.00000 -0.72169
-0.38110 1.00000 0.58359
-0.07858 1.00000 0.42900
-0.83504 1.00000 -0.74903
-0.94405 1.00000 -0.70647
-0.70920 1.00000 0.67369
-0.38110 1.00000 0.58359
-0.88731 1.00000 -0.72169
-1.00461 1.00000 -0.70172
-0.99539 1.00000 0.70000
-0.70920 1.00000 0.67369
-0.94405 1.00000 -0.70647

-0.00000 1.00000 -0.00000
-0.00000 1.00000 -0.00000
-0.00000 1.00000 -0.00000
-0.00000 1.00000 -0.00000
-0.00000 1.00000 -0.00000
-0.00000 1.00000 -0.00000
-0.00000 1.00000 -0.00000
-0.00000 1.00000 -0.00000
-0.00000 1.00000 -0.00000
-0.00000 1.00000 -0.00000
-0.00000 1.00000 -0.00000
-0.00000 1.00000 -0.00000
-0.00000 1.00000 -0.00000
-0.00000 1.00000 -0.00000
-0.00000 1.00000 -0.00000
-0.00000 1.00000 -0.00000
0.00000 1.00000 -0.00000
0.00000 1.00000 -0.00000
0.00000 1.00000 -0.00000
0.00000 1.00000 -0.00000
0.00000 1.00000 -0.00000
0.00000 1.00000 -0.00000
0.00000 1.00000 -0.00000
0.00000 1.00000 -0.00000
-0.00000 1.00000 -0.00000
-0.00000 1.00000 -0.00000
-0.00000 1.00000 -0.00000
-0.00000 1.00000 -0.00000
-0.00000 1.00000 -0.00000
-0.00000 1.00000 -0.00000
-0.00000 1.00000 -0.00000
-0.00000 1.00000 -0.00000

0.85193 0.03003
0.16573 0.16833
0.14769 0.00000
0.84769 0.00000
0.85984 0.05827
0.21520 0.33110
0.16573 0.16833
0.85193 0.03003
0.87475 0.08392
0.29741 0.47975
0.21520 0.33110
0.85984 0.05827
0.89359 0.10731
0.40611 0.60967
0.29741 0.47975
0.87475 0.08392
0.91752 0.12548
0.53929 0.71450
0.40611 0.60967
0.89359 0.10731
0.94365 0.13915
0.69055 0.79179
0.53929 0.71450
0.91752 0.12548
0.97202 0.14676
0.85460 0.83684
0.69055 0.79179
0.94365 0.13915
0.00231 0.14914
-0.00231 0.85000
-0.14540 0.83684
-0.02798 0.14676

16
0 1 2
0 2 3
4 5 6
4 6 7
8 9 10
8 10 11
12 13 14
12 14 15
16 17 18
16 18 19
20 21 22
20 22 23
24 25 26
24 26 27
28 29 30
28 30 31

