1
roof.png
192
-0.46822 -2.00000 2.35388
-0.00000 -2.00000 2.40000
-0.00000 2.00000 0.00000
-0.00000 2.00000 0.00000
-0.91844 -2.00000 2.21731
-0.46822 -2.00000 2.35388
-0.00000 2.00000 0.00000
-1.33337 -2.00000 1.99553
-0.91844 -2.00000 2.21731
-0.00000 2.00000 0.00000
-1.69706 -2.00000 1.69706
-1.33337 -2.00000 1.99553
-0.00000 2.00000 0.00000
-1.99553 -2.00000 1.33337
-1.69706 -2.00000 1.69706
-0.00000 2.00000 0.00000
-2.21731 -2.00000 0.91844
-1.99553 -2.00000 1.33337
-0.00000 2.00000 0.00000
-2.35388 -2.00000 0.46822
-2.21731 -2.00000 0.91844
-0.00000 2.00000 0.00000
-2.40000 -2.00000 0.00000
-2.35388 -2.00000 0.46822
-0.00000 2.00000 0.00000
-2.35388 -2.00000 -0.46822
-2.40000 -2.00000 0.00000
-0.00000 2.00000 0.00000
-2.21731 -2.00000 -0.91844
-2.35388 -2.00000 -0.46822
-0.00000 2.00000 0.00000
-1.99553 -2.00000 -1.33337
-2.21731 -2.00000 -0.91844
-0.00000 2.00000 0.00000
-1.69706 -2.00000 -1.69706
-1.99553 -2.00000 -1.33337
-0.00000 2.00000 0.00000
-1.33337 -2.00000 -1.99553
-1.69706 -2.00000 -1.69706
-0.00000 2.00000 0.00000
-0.91844 -2.00000 -2.21731
-1.33337 -2.00000 -1.99553
-0.00000 2.00000 0.00000
-0.46822 -2.00000 -2.35388
-0.91844 -2.00000 -2.21731
-0.00000 2.00000 0.00000
0.00000 -2.00000 -2.40000
-0.46822 -2.00000 -2.35388
-0.00000 2.00000 0.00000
0.46822 -2.00000 -2.35388
0.00000 -2.00000 -2.40000
-0.00000 2.00000 0.00000
0.91844 -2.00000 -2.21731
0.46822 -2.00000 -2.35388
-0.00000 2.00000 0.00000
1.33337 -2.00000 -1.99553
0.91844 -2.00000 -2.21731
-0.00000 2.00000 0.00000
1.69706 -2.00000 -1.69706
1.33337 -2.00000 -1.99553
-0.00000 2.00000 0.00000
1.99553 -2.00000 -1.33337
1.69706 -2.00000 -1.69706
-0.00000 2.00000 0.00000
2.21731 -2.00000 -0.91844
1.99553 -2.00000 -1.33337
-0.00000 2.00000 0.00000
2.35389 -2.00000 -0.46821
2.21731 -2.00000 -0.91844
-0.00000 2.00000 0.00000
2.40000 -2.00000 0.00000
2.35389 -2.00000 -0.46821
-0.00000 2.00000 0.00000
2.35388 -2.00000 0.46822
2.40000 -2.00000 0.00000
-0.00000 2.00000 0.00000
2.21731 -2.00000 0.91844
2.35388 -2.00000 0.46822
-0.00000 2.00000 0.00000
1.99553 -2.00000 1.33337
2.21731 -2.00000 0.91844
-0.00000 2.00000 0.00000
1.69705 -2.00000 1.69706
1.99553 -2.00000 1.33337
-0.00000 2.00000 0.00000
1.33337 -2.00000 1.99553
1.69705 -2.00000 1.69706
-0.00000 2.00000 0.00000
0.91844 -2.00000 2.21731
1.33337 -2.00000 1.99553
-0.00000 2.00000 0.00000
0.46821 -2.00000 2.35389
0.91844 -2.00000 2.21731
-0.00000 2.00000 0.00000
-0.00000 -2.00000 2.40000
0.46821 -2.00000 2.35389
-0.00000 -2.00000 0.00000
-0.00000 -2.00000 2.40000
-0.46822 -2.00000 2.35388
-0.00000 -2.00000 0.00000
-0.46822 -2.00000 2.35388
-0.91844 -2.00000 2.21731
-0.00000 -2.00000 0.00000
-0.91844 -2.00000 2.21731
-1.33337 -2.00000 1.99553
-0.00000 -2.00000 0.00000
-1.33337 -2.00000 1.99553
-1.69706 -2.00000 1.69706
-0.00000 -2.00000 0.00000
-1.69706 -2.00000 1.69706
-1.99553 -2.00000 1.33337
-0.00000 -2.00000 0.00000
-1.99553 -2.00000 1.33337
-2.21731 -2.00000 0.91844
-0.00000 -2.00000 0.00000
-2.21731 -2.00000 0.91844
-2.35388 -2.00000 0.46822
-0.00000 -2.00000 0.00000
-2.35388 -2.00000 0.46822
-2.40000 -2.00000 0.00000
-0.00000 -2.00000 0.00000
-2.40000 -2.00000 0.00000
-2.35388 -2.00000 -0.46822
-0.00000 -2.00000 0.00000
-2.35388 -2.00000 -0.46822
-2.21731 -2.00000 -0.91844
-0.00000 -2.00000 0.00000
-2.21731 -2.00000 -0.91844
-1.99553 -2.00000 -1.33337
-0.00000 -2.00000 0.00000
-1.99553 -2.00000 -1.33337
-1.69706 -2.00000 -1.69706
-0.00000 -2.00000 0.00000
-1.69706 -2.00000 -1.69706
-1.33337 -2.00000 -1.99553
-0.00000 -2.00000 0.00000
-1.33337 -2.00000 -1.99553
-0.91844 -2.00000 -2.21731
-0.00000 -2.00000 0.00000
-0.91844 -2.00000 -2.21731
-0.46822 -2.00000 -2.35388
-0.00000 -2.00000 0.00000
-0.46822 -2.00000 -2.35388
0.00000 -2.00000 -2.40000
-0.00000 -2.00000 0.00000
0.00000 -2.00000 -2.40000
0.46822 -2.00000 -2.35388
-0.00000 -2.00000 0.00000
0.46822 -2.00000 -2.35388
0.91844 -2.00000 -2.21731
-0.00000 -2.00000 0.00000
0.91844 -2.00000 -2.21731
1.33337 -2.00000 -1.99553
-0.00000 -2.00000 0.00000
1.33337 -2.00000 -1.99553
1.69706 -2.00000 -1.69706
-0.00000 -2.00000 0.00000
1.69706 -2.00000 -1.69706
1.99553 -2.00000 -1.33337
-0.00000 -2.00000 0.00000
1.99553 -2.00000 -1.33337
2.21731 -2.00000 -0.91844
-0.00000 -2.00000 0.00000
2.21731 -2.00000 -0.91844
2.35389 -2.00000 -0.46821
-0.00000 -2.00000 0.00000
2.35389 -2.00000 -0.46821
2.40000 -2.00000 0.00000
-0.00000 -2.00000 0.00000
2.40000 -2.00000 0.00000
2.35388 -2.00000 0.46822
-0.00000 -2.00000 0.00000
2.35388 -2.00000 0.46822
2.21731 -2.00000 0.91844
-0.00000 -2.00000 0.00000
2.21731 -2.00000 0.91844
1.99553 -2.00000 1.33337
-0.00000 -2.00000 0.00000
1.99553 -2.00000 1.33337
1.69705 -2.00000 1.69706
-0.00000 -2.00000 0.00000
1.69705 -2.00000 1.69706
1.33337 -2.00000 1.99553
-0.00000 -2.00000 0.00000
1.33337 -2.00000 1.99553
0.91844 -2.00000 2.21731
-0.00000 -2.00000 0.00000
0.91844 -2.00000 2.21731
0.46821 -2.00000 2.35389
0.46821 -2.00000 2.35389
-0.00000 -2.00000 2.40000
-0.00000 -2.00000 0.00000

-0.08416 0.51267 0.85445
-0.08416 0.51267 0.85445
-0.08416 0.51267 0.85445
-0.24923 0.51267 0.82161
-0.24923 0.51267 0.82161
-0.24923 0.51267 0.82161
-0.40473 0.51267 0.75720
-0.40473 0.51267 0.75720
-0.40473 0.51267 0.75720
-0.54468 0.51267 0.66370
-0.54468 0.51267 0.66370
-0.54468 0.51267 0.66370
-0.66370 0.51267 0.54468
-0.66370 0.51267 0.54468
-0.66370 0.51267 0.54468
-0.75720 0.51267 0.40473
-0.75720 0.51267 0.40473
-0.75720 0.51267 0.40473
-0.82161 0.51267 0.24923
-0.82161 0.51267 0.24923
-0.82161 0.51267 0.24923
-0.85445 0.51267 0.08416
-0.85445 0.51267 0.08416
-0.85445 0.51267 0.08416
-0.85445 0.51267 -0.08416
-0.85445 0.51267 -0.08416
-0.85445 0.51267 -0.08416
-0.82161 0.51267 -0.24923
-0.82161 0.51267 -0.24923
-0.82161 0.51267 -0.24923
-0.75720 0.51267 -0.40473
-0.75720 0.51267 -0.40473
-0.75720 0.51267 -0.40473
-0.66370 0.51267 -0.54468
-0.66370 0.51267 -0.54468
-0.66370 0.51267 -0.54468
-0.54468 0.51267 -0.66370
-0.54468 0.51267 -0.66370
-0.54468 0.51267 -0.66370
-0.40473 0.51267 -0.75720
-0.40473 0.51267 -0.75720
-0.40473 0.51267 -0.75720
-0.24923 0.51267 -0.82161
-0.24923 0.51267 -0.82161
-0.24923 0.51267 -0.82161
-0.08416 0.51267 -0.85445
-0.08416 0.51267 -0.85445
-0.08416 0.51267 -0.85445
0.08416 0.51267 -0.85445
0.08416 0.51267 -0.85445
0.08416 0.51267 -0.85445
0.24923 0.51267 -0.82161
0.24923 0.51267 -0.82161
0.24923 0.51267 -0.82161
0.40473 0.51267 -0.75720
0.40473 0.51267 -0.75720
0.40473 0.51267 -0.75720
0.54468 0.51267 -0.66370
0.54468 0.51267 -0.66370
0.54468 0.51267 -0.66370
0.66370 0.51267 -0.54468
0.66370 0.51267 -0.54468
0.66370 0.51267 -0.54468
0.75720 0.51267 -0.40473
0.75720 0.51267 -0.40473
0.75720 0.51267 -0.40473
0.82162 0.51267 -0.24923
0.82162 0.51267 -0.24923
0.82162 0.51267 -0.24923
0.85445 0.51267 -0.08416
0.85445 0.51267 -0.08416
0.85445 0.51267 -0.08416
0.85445 0.51267 0.08416
0.85445 0.51267 0.08416
0.85445 0.51267 0.08416
0.82161 0.51267 0.24923
0.82161 0.51267 0.24923
0.82161 0.51267 0.24923
0.75720 0.51267 0.40474
0.75720 0.51267 0.40474
0.75720 0.51267 0.40474
0.66369 0.51267 0.54468
0.66369 0.51267 0.54468
0.66369 0.51267 0.54468
0.54468 0.51267 0.66370
0.54468 0.51267 0.66370
0.54468 0.51267 0.66370
0.40473 0.51267 0.75721
0.40473 0.51267 0.75721
0.40473 0.51267 0.75721
0.24923 0.51267 0.82162
0.24923 0.51267 0.82162
0.24923 0.51267 0.82162
0.08416 0.51267 0.85445
0.08416 0.51267 0.85445
0.08416 0.51267 0.85445
-0.00000 -1.00000 0.00000
-0.00000 -1.00000 0.00000
-0.00000 -1.00000 0.00000
-0.00000 -1.00000 0.00000
-0.00000 -1.00000 0.00000
-0.00000 -1.00000 0.00000
-0.00000 -1.00000 0.00000
-0.00000 -1.00000 0.00000
-0.00000 -1.00000 0.00000
-0.00000 -1.00000 0.00000
-0.00000 -1.00000 0.00000
-0.00000 -1.00000 0.00000
-0.00000 -1.00000 0.00000
-0.00000 -1.00000 0.00000
-0.00000 -1.00000 0.00000
-0.00000 -1.00000 0.00000
-0.00000 -1.00000 0.00000
-0.00000 -1.00000 0.00000
-0.00000 -1.00000 0.00000
-0.00000 -1.00000 0.00000
-0.00000 -1.00000 0.00000
-0.00000 -1.00000 0.00000
-0.00000 -1.00000 0.00000
-0.00000 -1.00000 0.00000
-0.00000 -1.00000 0.00000
-0.00000 -1.00000 0.00000
-0.00000 -1.00000 0.00000
-0.00000 -1.00000 0.00000
-0.00000 -1.00000 0.00000
-0.00000 -1.00000 0.00000
-0.00000 -1.00000 0.00000
-0.00000 -1.00000 0.00000
-0.00000 -1.00000 0.00000
-0.00000 -1.00000 0.00000
-0.00000 -1.00000 0.00000
-0.00000 -1.00000 0.00000
-0.00000 -1.00000 0.00000
-0.00000 -1.00000 0.00000
-0.00000 -1.00000 0.00000
-0.00000 -1.00000 0.00000
-0.00000 -1.00000 0.00000
-0.00000 -1.00000 0.00000
-0.00000 -1.00000 0.00000
-0.00000 -1.00000 0.00000
-0.00000 -1.00000 0.00000
-0.00000 -1.00000 0.00000
-0.00000 -1.00000 0.00000
-0.00000 -1.00000 0.00000
-0.00000 -1.00000 0.00000
-0.00000 -1.00000 0.00000
-0.00000 -1.00000 0.00000
-0.00000 -1.00000 0.00000
-0.00000 -1.00000 0.00000
-0.00000 -1.00000 0.00000
-0.00000 -1.00000 0.00000
-0.00000 -1.00000 0.00000
-0.00000 -1.00000 0.00000
-0.00000 -1.00000 0.00000
-0.00000 -1.00000 0.00000
-0.00000 -1.00000 0.00000
-0.00000 -1.00000 0.00000
-0.00000 -1.00000 0.00000
-0.00000 -1.00000 0.00000
-0.00000 -1.00000 0.00000
-0.00000 -1.00000 0.00000
-0.00000 -1.00000 0.00000
-0.00000 -1.00000 0.00000
-0.00000 -1.00000 0.00000
-0.00000 -1.00000 0.00000
-0.00000 -1.00000 0.00000
-0.00000 -1.00000 0.00000
-0.00000 -1.00000 0.00000
-0.00000 -1.00000 0.00000
-0.00000 -1.00000 0.00000
-0.00000 -1.00000 0.00000
-0.00000 -1.00000 0.00000
-0.00000 -1.00000 0.00000
-0.00000 -1.00000 0.00000
-0.00000 -1.00000 0.00000
-0.00000 -1.00000 0.00000
-0.00000 -1.00000 0.00000
-0.00000 -1.00000 0.00000
-0.00000 -1.00000 0.00000
-0.00000 -1.00000 0.00000
-0.00000 -1.00000 0.00000
-0.00000 -1.00000 0.00000
-0.00000 -1.00000 0.00000
-0.00000 -1.00000 0.00000
-0.00000 -1.00000 0.00000
-0.00000 -1.00000 0.00000
-0.00000 -1.00000 0.00000
-0.00000 -1.00000 0.00000
-0.00000 -1.00000 0.00000
-0.00000 -1.00000 0.00000
-0.00000 -1.00000 0.00000
-0.00000 -1.00000 0.00000

1.39965 1.53219
1.50809 1.36813
0.35265 0.49847
0.35265 0.49847
1.27084 1.67720
1.39965 1.53219
0.35265 0.49847
1.12633 1.80204
1.27084 1.67720
0.35265 0.49847
0.96858 1.90458
1.12633 1.80204
0.35265 0.49847
0.80028 1.98306
0.96858 1.90458
0.35265 0.49847
0.62433 2.03614
0.80028 1.98306
0.35265 0.49847
0.44374 2.06291
0.62433 2.03614
0.35265 0.49847
0.26158 2.06291
0.44374 2.06291
0.35265 0.49847
0.08098 2.03614
0.26158 2.06291
0.35265 0.49847
-0.09497 1.98306
0.08098 2.03614
0.35265 0.49847
-0.26326 1.90459
-0.09497 1.98306
0.35265 0.49847
-0.42102 1.80205
-0.26326 1.90459
0.35265 0.49847
-0.56553 1.67720
-0.42102 1.80205
0.35265 0.49847
-0.69434 1.53219
-0.56553 1.67720
0.35265 0.49847
-0.80523 1.36949
-0.69434 1.53219
0.35265 0.49847
-0.89631 1.19189
-0.80523 1.36949
0.35265 0.49847
0.62415 -1.03614
0.44391 -1.06291
0.35265 0.49847
0.79975 -0.98312
0.62415 -1.03614
0.35265 0.49847
0.96769 -0.90474
0.79975 -0.98312
0.35265 0.49847
1.12512 -0.80236
0.96769 -0.90474
0.35265 0.49847
1.26932 -0.67771
1.12512 -0.80236
0.35265 0.49847
1.39784 -0.53295
1.26932 -0.67771
0.35265 0.49847
1.50848 -0.37053
1.39784 -0.53295
0.35265 0.49847
1.59934 -0.19325
1.50848 -0.37053
0.35265 0.49847
1.66887 -0.00413
1.59934 -0.19325
0.35265 0.49847
1.71588 0.19359
1.66887 -0.00413
0.35265 0.49847
1.73957 0.39652
1.71588 0.19359
0.35265 0.49847
1.73952 0.60120
1.73957 0.39652
0.35265 0.49847
1.71575 0.80413
1.73952 0.60120
0.35265 0.49847
1.66865 1.00182
1.71575 0.80413
0.35265 0.49847
1.59903 1.19090
1.66865 1.00182
0.35265 0.49847
1.50809 1.36813
1.59903 1.19090
0.00000 0.50000
0.60000 0.50000
0.58847 0.61705
0.00000 0.50000
0.58847 0.61705
0.55433 0.72961
0.00000 0.50000
0.55433 0.72961
0.49888 0.83334
0.00000 0.50000
0.49888 0.83334
0.42426 0.92426
0.00000 0.50000
0.42426 0.92426
0.33334 0.99888
0.00000 0.50000
0.33334 0.99888
0.22961 1.05433
0.00000 0.50000
0.22961 1.05433
0.11705 1.08847
0.00000 0.50000
0.11705 1.08847
0.00000 1.10000
0.00000 0.50000
0.00000 1.10000
-0.11705 1.08847
0.00000 0.50000
-0.11705 1.08847
-0.22961 1.05433
0.00000 0.50000
-0.22961 1.05433
-0.33334 0.99888
0.00000 0.50000
-0.33334 0.99888
-0.42426 0.92426
0.00000 0.50000
-0.42426 0.92426
-0.49888 0.83334
0.00000 0.50000
-0.49888 0.83334
-0.55433 0.72961
0.00000 0.50000
-0.55433 0.72961
-0.58847 0.61705
0.00000 0.50000
-0.58847 0.61705
-0.60000 0.50000
0.00000 0.50000
-0.60000 0.50000
-0.58847 0.38295
0.00000 0.50000
-0.58847 0.38295
-0.55433 0.27039
0.00000 0.50000
-0.55433 0.27039
-0.49888 0.16666
0.00000 0.50000
-0.49888 0.16666
-0.42426 0.07574
0.00000 0.50000
-0.42426 0.07574
-0.33334 0.00112
0.00000 0.50000
-0.33334 0.00112
-0.22961 -0.05433
0.00000 0.50000
-0.22961 -0.05433
-0.11705 -0.08847
0.00000 0.50000
-0.11705 -0.08847
0.00000 -0.10000
0.00000 0.50000
0.00000 -0.10000
0.11705 -0.08847
0.00000 0.50000
0.11705 -0.08847
0.22961 -0.05433
0.00000 0.50000
0.22961 -0.05433
0.33334 0.00112
0.00000 0.50000
0.33334 0.00112
0.42426 0.07574
0.00000 0.50000
0.42426 0.07574
0.49888 0.16666
0.00000 0.50000
0.49888 0.16666
0.55433 0.27039
0.00000 0.50000
0.55433 0.27039
0.58847 0.38295
0.58847 0.38295
0.60000 0.50000
0.00000 0.50000

64
0 1 2
3 4 5
6 7 8
9 10 11
12 13 14
15 16 17
18 19 20
21 22 23
24 25 26
27 28 29
30 31 32
33 34 35
36 37 38
39 40 41
42 43 44
45 46 47
48 49 50
51 52 53
54 55 56
57 58 59
60 61 62
63 64 65
66 67 68
69 70 71
72 73 74
75 76 77
78 79 80
81 82 83
84 85 86
87 88 89
90 91 92
93 94 95
96 97 98
99 100 101
102 103 104
105 106 107
108 109 110
111 112 113
114 115 116
117 118 119
120 121 122
123 124 125
126 127 128
129 130 131
132 133 134
135 136 137
138 139 140
141 142 143
144 145 146
147 148 149
150 151 152
153 154 155
156 157 158
159 160 161
162 163 164
165 166 167
168 169 170
171 172 173
174 175 176
177 178 179
180 181 182
183 184 185
186 187 188
189 190 191

