1
demo3.bmp
320
-0.00000 -1.00000 0.00000
-0.00000 -1.00000 2.00000
-0.39018 -1.00000 1.96157
-0.00000 3.00000 0.00000
-0.39018 3.00000 1.96157
-0.00000 3.00000 2.00000
-0.00000 -1.00000 0.00000
-0.39018 -1.00000 1.96157
-0.76537 -1.00000 1.84776
-0.00000 3.00000 0.00000
-0.76537 3.00000 1.84776
-0.39018 3.00000 1.96157
-0.00000 -1.00000 0.00000
-0.76537 -1.00000 1.84776
-1.11114 -1.00000 1.66294
-0.00000 3.00000 0.00000
-1.11114 3.00000 1.66294
-0.76537 3.00000 1.84776
-0.00000 -1.00000 0.00000
-1.11114 -1.00000 1.66294
-1.41421 -1.00000 1.41421
-0.00000 3.00000 0.00000
-1.41422 3.00000 1.41421
-1.11114 3.00000 1.66294
-0.00000 -1.00000 0.00000
-1.41421 -1.00000 1.41421
-1.66294 -1.00000 1.11114
-0.00000 3.00000 0.00000
-1.66294 3.00000 1.11114
-1.41422 3.00000 1.41421
-0.00000 -1.00000 0.00000
-1.66294 -1.00000 1.11114
-1.84776 -1.00000 0.76537
-0.00000 3.00000 0.00000
-1.84776 3.00000 0.76536
-1.66294 3.00000 1.11114
-0.00000 -1.00000 0.00000
-1.84776 -1.00000 0.76537
-1.96157 -1.00000 0.39018
-0.00000 3.00000 0.00000
-1.96157 3.00000 0.39018
-1.84776 3.00000 0.76536
-0.00000 -1.00000 0.00000
-1.96157 -1.00000 0.39018
-2.00000 -1.00000 0.00000
-0.00000 3.00000 0.00000
-2.00000 3.00000 -0.00000
-1.96157 3.00000 0.39018
-0.00000 -1.00000 0.00000
-2.00000 -1.00000 0.00000
-1.96157 -1.00000 -0.39018
-0.00000 3.00000 0.00000
-1.96157 3.00000 -0.39018
-2.00000 3.00000 -0.00000
-0.00000 -1.00000 0.00000
-1.96157 -1.00000 -0.39018
-1.84776 -1.00000 -0.76537
-0.00000 3.00000 0.00000
-1.84776 3.00000 -0.76537
-1.96157 3.00000 -0.39018
-0.00000 -1.00000 0.00000
-1.84776 -1.00000 -0.76537
-1.66294 -1.00000 -1.11114
-0.00000 3.00000 0.00000
-1.66294 3.00000 -1.11114
-1.84776 3.00000 -0.76537
-0.00000 -1.00000 0.00000
-1.66294 -1.00000 -1.11114
-1.41421 -1.00000 -1.41421
-0.00000 3.00000 0.00000
-1.41421 3.00000 -1.41421
-1.66294 3.00000 -1.11114
-0.00000 -1.00000 0.00000
-1.41421 -1.00000 -1.41421
-1.11114 -1.00000 -1.66294
-0.00000 3.00000 0.00000
-1.11114 3.00000 -1.66294
-1.41421 3.00000 -1.41421
-0.00000 -1.00000 0.00000
-1.11114 -1.00000 -1.66294
-0.76537 -1.00000 -1.84776
-0.00000 3.00000 0.00000
-0.76537 3.00000 -1.84776
-1.11114 3.00000 -1.66294
-0.00000 -1.00000 0.00000
-0.76537 -1.00000 -1.84776
-0.39018 -1.00000 -1.96157
-0.00000 3.00000 0.00000
-0.39018 3.00000 -1.96157
-0.76537 3.00000 -1.84776
-0.00000 -1.00000 0.00000
-0.39018 -1.00000 -1.96157
0.00000 -1.00000 -2.00000
-0.00000 3.00000 0.00000
-0.00000 3.00000 -2.00000
-0.39018 3.00000 -1.96157
-0.00000 -1.00000 0.00000
0.00000 -1.00000 -2.00000
0.39018 -1.00000 -1.96157
-0.00000 3.00000 0.00000
0.39018 3.00000 -1.96157
-0.00000 3.00000 -2.00000
-0.00000 -1.00000 0.00000
0.39018 -1.00000 -1.96157
0.76537 -1.00000 -1.84776
-0.00000 3.00000 0.00000
0.76536 3.00000 -1.84776
0.39018 3.00000 -1.96157
-0.00000 -1.00000 0.00000
0.76537 -1.00000 -1.84776
1.11114 -1.00000 -1.66294
-0.00000 3.00000 0.00000
1.11114 3.00000 -1.66294
0.76536 3.00000 -1.84776
-0.00000 -1.00000 0.00000
1.11114 -1.00000 -1.66294
1.41421 -1.00000 -1.41421
-0.00000 3.00000 0.00000
1.41421 3.00000 -1.41422
1.11114 3.00000 -1.66294
-0.00000 -1.00000 0.00000
1.41421 -1.00000 -1.41421
1.66294 -1.00000 -1.11114
-0.00000 3.00000 0.00000
1.66294 3.00000 -1.11115
1.41421 3.00000 -1.41422
-0.00000 -1.00000 0.00000
1.66294 -1.00000 -1.11114
1.84776 -1.00000 -0.76537
-0.00000 3.00000 0.00000
1.84776 3.00000 -0.76537
1.66294 3.00000 -1.11115
-0.00000 -1.00000 0.00000
1.84776 -1.00000 -0.76537
1.96157 -1.00000 -0.39018
-0.00000 3.00000 0.00000
1.96157 3.00000 -0.39019
1.84776 3.00000 -0.76537
-0.00000 -1.00000 0.00000
1.96157 -1.00000 -0.39018
2.00000 -1.00000 0.00000
-0.00000 3.00000 0.00000
2.00000 3.00000 -0.00001
1.96157 3.00000 -0.39019
-0.00000 -1.00000 0.00000
2.00000 -1.00000 0.00000
1.96157 -1.00000 0.39018
-0.00000 3.00000 0.00000
1.96157 3.00000 0.39017
2.00000 3.00000 -0.00001
-0.00000 -1.00000 0.00000
1.96157 -1.00000 0.39018
1.84776 -1.00000 0.76537
-0.00000 3.00000 0.00000
1.84776 3.00000 0.76536
1.96157 3.00000 0.39017
-0.00000 -1.00000 0.00000
1.84776 -1.00000 0.76537
1.66294 -1.00000 1.11114
-0.00000 3.00000 0.00000
1.66295 3.00000 1.11113
1.84776 3.00000 0.76536
-0.00000 -1.00000 0.00000
1.66294 -1.00000 1.11114
1.41421 -1.00000 1.41422
-0.00000 3.00000 0.00000
1.41422 3.00000 1.41421
1.66295 3.00000 1.11113
-0.00000 -1.00000 0.00000
1.41421 -1.00000 1.41422
1.11114 -1.00000 1.66294
-0.00000 3.00000 0.00000
1.11115 3.00000 1.66293
1.41422 3.00000 1.41421
-0.00000 -1.00000 0.00000
1.11114 -1.00000 1.66294
0.76536 -1.00000 1.84776
-0.00000 3.00000 0.00000
0.76538 3.00000 1.84775
1.11115 3.00000 1.66293
-0.00000 -1.00000 0.00000
0.76536 -1.00000 1.84776
0.39018 -1.00000 1.96157
-0.00000 3.00000 0.00000
0.39019 3.00000 1.96157
0.76538 3.00000 1.84775
0.39018 -1.00000 1.96157
-0.00000 -1.00000 2.00000
-0.00000 -1.00000 0.00000
-0.00000 3.00000 0.00000
-0.00000 3.00000 2.00000
0.39019 3.00000 1.96157
-0.00000 -1.00000 2.00000
-0.00000 3.00000 2.00000
-0.39018 3.00000 1.96157
-0.39018 -1.00000 1.96157
-0.39018 -1.00000 1.96157
-0.39018 3.00000 1.96157
-0.76537 3.00000 1.84776
-0.76537 -1.00000 1.84776
-0.76537 -1.00000 1.84776
-0.76537 3.00000 1.84776
-1.11114 3.00000 1.66294
-1.11114 -1.00000 1.66294
-1.11114 -1.00000 1.66294
-1.11114 3.00000 1.66294
-1.41422 3.00000 1.41421
-1.41421 -1.00000 1.41421
-1.41421 -1.00000 1.41421
-1.41422 3.00000 1.41421
-1.66294 3.00000 1.11114
-1.66294 -1.00000 1.11114
-1.66294 -1.00000 1.11114
-1.66294 3.00000 1.11114
-1.84776 3.00000 0.76536
-1.84776 -1.00000 0.76537
-1.84776 -1.00000 0.76537
-1.84776 3.00000 0.76536
-1.96157 3.00000 0.39018
-1.96157 -1.00000 0.39018
-1.96157 -1.00000 0.39018
-1.96157 3.00000 0.39018
-2.00000 3.00000 -0.00000
-2.00000 -1.00000 0.00000
-2.00000 -1.00000 0.00000
-2.00000 3.00000 -0.00000
-1.96157 3.00000 -0.39018
-1.96157 -1.00000 -0.39018
-1.96157 -1.00000 -0.39018
-1.96157 3.00000 -0.39018
-1.84776 3.00000 -0.76537
-1.84776 -1.00000 -0.76537
-1.84776 -1.00000 -0.76537
-1.84776 3.00000 -0.76537
-1.66294 3.00000 -1.11114
-1.66294 -1.00000 -1.11114
-1.66294 -1.00000 -1.11114
-1.66294 3.00000 -1.11114
-1.41421 3.00000 -1.41421
-1.41421 -1.00000 -1.41421
-1.41421 -1.00000 -1.41421
-1.41421 3.00000 -1.41421
-1.11114 3.00000 -1.66294
-1.11114 -1.00000 -1.66294
-1.11114 -1.00000 -1.66294
-1.11114 3.00000 -1.66294
-0.76537 3.00000 -1.84776
-0.76537 -1.00000 -1.84776
-0.76537 -1.00000 -1.84776
-0.76537 3.00000 -1.84776
-0.39018 3.00000 -1.96157
-0.39018 -1.00000 -1.96157
-0.39018 -1.00000 -1.96157
-0.39018 3.00000 -1.96157
-0.00000 3.00000 -2.00000
0.00000 -1.00000 -2.00000
0.00000 -1.00000 -2.00000
-0.00000 3.00000 -2.00000
0.39018 3.00000 -1.96157
0.39018 -1.00000 -1.96157
0.39018 -1.00000 -1.96157
0.39018 3.00000 -1.96157
0.76536 3.00000 -1.84776
0.76537 -1.00000 -1.84776
0.76537 -1.00000 -1.84776
0.76536 3.00000 -1.84776
1.11114 3.00000 -1.66294
1.11114 -1.00000 -1.66294
1.11114 -1.00000 -1.66294
1.11114 3.00000 -1.66294
1.41421 3.00000 -1.41422
1.41421 -1.00000 -1.41421
1.41421 -1.00000 -1.41421
1.41421 3.00000 -1.41422
1.66294 3.00000 -1.11115
1.66294 -1.00000 -1.11114
1.66294 -1.00000 -1.11114
1.66294 3.00000 -1.11115
1.84776 3.00000 -0.76537
1.84776 -1.00000 -0.76537
1.84776 -1.00000 -0.76537
1.84776 3.00000 -0.76537
1.96157 3.00000 -0.39019
1.96157 -1.00000 -0.39018
1.96157 -1.00000 -0.39018
1.96157 3.00000 -0.39019
2.00000 3.00000 -0.00001
2.00000 -1.00000 0.00000
2.00000 -1.00000 0.00000
2.00000 3.00000 -0.00001
1.96157 3.00000 0.39017
1.96157 -1.00000 0.39018
1.96157 -1.00000 0.39018
1.96157 3.00000 0.39017
1.84776 3.00000 0.76536
1.84776 -1.00000 0.76537
1.84776 -1.00000 0.76537
1.84776 3.00000 0.76536
1.66295 3.00000 1.11113
1.66294 -1.00000 1.11114
1.66294 -1.00000 1.11114
1.66295 3.00000 1.11113
1.41422 3.00000 1.41421
1.41421 -1.00000 1.41422
1.41421 -1.00000 1.41422
1.41422 3.00000 1.41421
1.11115 3.00000 1.66293
1.11114 -1.00000 1.66294
1.11114 -1.00000 1.66294
1.11115 3.00000 1.66293
0.76538 3.00000 1.84775
0.76536 -1.00000 1.84776
0.76536 -1.00000 1.84776
0.76538 3.00000 1.84775
0.39019 3.00000 1.96157
0.39018 -1.00000 1.96157
-0.00000 3.00000 2.00000
-0.00000 -1.00000 2.00000
0.39018 -1.00000 1.96157
0.39019 3.00000 1.96157

-0.00000 -1.00000 0.00000
-0.00000 -1.00000 0.00000
-0.00000 -1.00000 0.00000
-0.00000 1.00000 0.00000
-0.00000 1.00000 0.00000
-0.00000 1.00000 0.00000
-0.00000 -1.00000 0.00000
-0.00000 -1.00000 0.00000
-0.00000 -1.00000 0.00000
-0.00000 1.00000 0.00000
-0.00000 1.00000 0.00000
-0.00000 1.00000 0.00000
-0.00000 -1.00000 0.00000
-0.00000 -1.00000 0.00000
-0.00000 -1.00000 0.00000
-0.00000 1.00000 0.00000
-0.00000 1.00000 0.00000
-0.00000 1.00000 0.00000
-0.00000 -1.00000 0.00000
-0.00000 -1.00000 0.00000
-0.00000 -1.00000 0.00000
-0.00000 1.00000 0.00000
-0.00000 1.00000 0.00000
-0.00000 1.00000 0.00000
-0.00000 -1.00000 0.00000
-0.00000 -1.00000 0.00000
-0.00000 -1.00000 0.00000
-0.00000 1.00000 0.00000
-0.00000 1.00000 0.00000
-0.00000 1.00000 0.00000
-0.00000 -1.00000 0.00000
-0.00000 -1.00000 0.00000
-0.00000 -1.00000 0.00000
-0.00000 1.00000 0.00000
-0.00000 1.00000 0.00000
-0.00000 1.00000 0.00000
-0.00000 -1.00000 0.00000
-0.00000 -1.00000 0.00000
-0.00000 -1.00000 0.00000
-0.00000 1.00000 0.00000
-0.00000 1.00000 0.00000
-0.00000 1.00000 0.00000
-0.00000 -1.00000 0.00000
-0.00000 -1.00000 0.00000
-0.00000 -1.00000 0.00000
-0.00000 1.00000 0.00000
-0.00000 1.00000 0.00000
-0.00000 1.00000 0.00000
-0.00000 -1.00000 0.00000
-0.00000 -1.00000 0.00000
-0.00000 -1.00000 0.00000
-0.00000 1.00000 0.00000
-0.00000 1.00000 0.00000
-0.00000 1.00000 0.00000
-0.00000 -1.00000 0.00000
-0.00000 -1.00000 0.00000
-0.00000 -1.00000 0.00000
-0.00000 1.00000 0.00000
-0.00000 1.00000 0.00000
-0.00000 1.00000 0.00000
-0.00000 -1.00000 0.00000
-0.00000 -1.00000 0.00000
-0.00000 -1.00000 0.00000
-0.00000 1.00000 0.00000
-0.00000 1.00000 0.00000
-0.00000 1.00000 0.00000
-0.00000 -1.00000 0.00000
-0.00000 -1.00000 0.00000
-0.00000 -1.00000 0.00000
-0.00000 1.00000 0.00000
-0.00000 1.00000 0.00000
-0.00000 1.00000 0.00000
-0.00000 -1.00000 0.00000
-0.00000 -1.00000 0.00000
-0.00000 -1.00000 0.00000
-0.00000 1.00000 0.00000
-0.00000 1.00000 0.00000
-0.00000 1.00000 0.00000
-0.00000 -1.00000 0.00000
-0.00000 -1.00000 0.00000
-0.00000 -1.00000 0.00000
-0.00000 1.00000 0.00000
-0.00000 1.00000 0.00000
-0.00000 1.00000 0.00000
-0.00000 -1.00000 0.00000
-0.00000 -1.00000 0.00000
-0.00000 -1.00000 0.00000
-0.00000 1.00000 0.00000
-0.00000 1.00000 0.00000
-0.00000 1.00000 0.00000
-0.00000 -1.00000 0.00000
-0.00000 -1.00000 0.00000
-0.00000 -1.00000 0.00000
-0.00000 1.00000 0.00000
-0.00000 1.00000 0.00000
-0.00000 1.00000 0.00000
-0.00000 -1.00000 0.00000
-0.00000 -1.00000 0.00000
-0.00000 -1.00000 0.00000
-0.00000 1.00000 0.00000
-0.00000 1.00000 0.00000
-0.00000 1.00000 0.00000
-0.00000 -1.00000 0.00000
-0.00000 -1.00000 0.00000
-0.00000 -1.00000 0.00000
-0.00000 1.00000 0.00000
-0.00000 1.00000 0.00000
-0.00000 1.00000 0.00000
-0.00000 -1.00000 0.00000
-0.00000 -1.00000 0.00000
-0.00000 -1.00000 0.00000
-0.00000 1.00000 0.00000
-0.00000 1.00000 0.00000
-0.00000 1.00000 0.00000
-0.00000 -1.00000 0.00000
-0.00000 -1.00000 0.00000
-0.00000 -1.00000 0.00000
-0.00000 1.00000 0.00000
-0.00000 1.00000 0.00000
-0.00000 1.00000 0.00000
-0.00000 -1.00000 0.00000
-0.00000 -1.00000 0.00000
-0.00000 -1.00000 0.00000
-0.00000 1.00000 0.00000
-0.00000 1.00000 0.00000
-0.00000 1.00000 0.00000
-0.00000 -1.00000 0.00000
-0.00000 -1.00000 0.00000
-0.00000 -1.00000 0.00000
-0.00000 1.00000 0.00000
-0.00000 1.00000 0.00000
-0.00000 1.00000 0.00000
-0.00000 -1.00000 0.00000
-0.00000 -1.00000 0.00000
-0.00000 -1.00000 0.00000
-0.00000 1.00000 0.00000
-0.00000 1.00000 0.00000
-0.00000 1.00000 0.00000
-0.00000 -1.00000 0.00000
-0.00000 -1.00000 0.00000
-0.00000 -1.00000 0.00000
-0.00000 1.00000 0.00000
-0.00000 1.00000 0.00000
-0.00000 1.00000 0.00000
-0.00000 -1.00000 0.00000
-0.00000 -1.00000 0.00000
-0.00000 -1.00000 0.00000
-0.00000 1.00000 0.00000
-0.00000 1.00000 0.00000
-0.00000 1.00000 0.00000
-0.00000 -1.00000 0.00000
-0.00000 -1.00000 0.00000
-0.00000 -1.00000 0.00000
-0.00000 1.00000 0.00000
-0.00000 1.00000 0.00000
-0.00000 1.00000 0.00000
-0.00000 -1.00000 0.00000
-0.00000 -1.00000 0.00000
-0.00000 -1.00000 0.00000
-0.00000 1.00000 0.00000
-0.00000 1.00000 0.00000
-0.00000 1.00000 0.00000
-0.00000 -1.00000 0.00000
-0.00000 -1.00000 0.00000
-0.00000 -1.00000 0.00000
-0.00000 1.00000 0.00000
-0.00000 1.00000 0.00000
-0.00000 1.00000 0.00000
-0.00000 -1.00000 0.00000
-0.00000 -1.00000 0.00000
-0.00000 -1.00000 0.00000
-0.00000 1.00000 0.00000
-0.00000 1.00000 0.00000
-0.00000 1.00000 0.00000
-0.00000 -1.00000 0.00000
-0.00000 -1.00000 0.00000
-0.00000 -1.00000 0.00000
-0.00000 1.00000 0.00000
-0.00000 1.00000 0.00000
-0.00000 1.00000 0.00000
-0.00000 -1.00000 0.00000
-0.00000 -1.00000 0.00000
-0.00000 -1.00000 0.00000
-0.00000 1.00000 0.00000
-0.00000 1.00000 0.00000
-0.00000 1.00000 0.00000
-0.00000 -1.00000 0.00000
-0.00000 -1.00000 0.00000
-0.00000 -1.00000 0.00000
-0.00000 1.00000 0.00000
-0.00000 1.00000 0.00000
-0.00000 1.00000 0.00000
-0.09802 -0.00000 0.99518
-0.09802 -0.00000 0.99518
-0.09802 -0.00000 0.99518
-0.09802 -0.00000 0.99518
-0.29029 -0.00000 0.95694
-0.29029 -0.00000 0.95694
-0.29029 -0.00000 0.95694
-0.29029 -0.00000 0.95694
-0.47140 -0.00000 0.88192
-0.47140 -0.00000 0.88192
-0.47140 -0.00000 0.88192
-0.47140 -0.00000 0.88192
-0.63439 -0.00000 0.77301
-0.63439 -0.00000 0.77301
-0.63439 -0.00000 0.77301
-0.63439 -0.00000 0.77301
-0.77301 0.00000 0.63439
-0.77301 0.00000 0.63439
-0.77301 0.00000 0.63439
-0.77301 0.00000 0.63439
-0.88192 -0.00000 0.47140
-0.88192 -0.00000 0.47140
-0.88192 -0.00000 0.47140
-0.88192 -0.00000 0.47140
-0.95694 -0.00000 0.29028
-0.95694 -0.00000 0.29028
-0.95694 -0.00000 0.29028
-0.95694 -0.00000 0.29028
-0.99518 -0.00000 0.09802
-0.99518 -0.00000 0.09802
-0.99518 -0.00000 0.09802
-0.99518 -0.00000 0.09802
-0.99518 -0.00000 -0.09802
-0.99518 -0.00000 -0.09802
-0.99518 -0.00000 -0.09802
-0.99518 -0.00000 -0.09802
-0.95694 -0.00000 -0.29029
-0.95694 -0.00000 -0.29029
-0.95694 -0.00000 -0.29029
-0.95694 -0.00000 -0.29029
-0.88192 -0.00000 -0.47140
-0.88192 -0.00000 -0.47140
-0.88192 -0.00000 -0.47140
-0.88192 -0.00000 -0.47140
-0.77301 -0.00000 -0.63439
-0.77301 -0.00000 -0.63439
-0.77301 -0.00000 -0.63439
-0.77301 -0.00000 -0.63439
-0.63439 -0.00000 -0.77301
-0.63439 -0.00000 -0.77301
-0.63439 -0.00000 -0.77301
-0.63439 -0.00000 -0.77301
-0.47140 -0.00000 -0.88192
-0.47140 -0.00000 -0.88192
-0.47140 -0.00000 -0.88192
-0.47140 -0.00000 -0.88192
-0.29028 -0.00000 -0.95694
-0.29028 -0.00000 -0.95694
-0.29028 -0.00000 -0.95694
-0.29028 -0.00000 -0.95694
-0.09802 -0.00000 -0.99518
-0.09802 -0.00000 -0.99518
-0.09802 -0.00000 -0.99518
-0.09802 -0.00000 -0.99518
0.09802 -0.00000 -0.99518
0.09802 -0.00000 -0.99518
0.09802 -0.00000 -0.99518
0.09802 -0.00000 -0.99518
0.29028 -0.00000 -0.95694
0.29028 -0.00000 -0.95694
0.29028 -0.00000 -0.95694
0.29028 -0.00000 -0.95694
0.47140 -0.00000 -0.88192
0.47140 -0.00000 -0.88192
0.47140 -0.00000 -0.88192
0.47140 -0.00000 -0.88192
0.63439 0.00000 -0.77301
0.63439 0.00000 -0.77301
0.63439 0.00000 -0.77301
0.63439 0.00000 -0.77301
0.77301 0.00000 -0.63439
0.77301 0.00000 -0.63439
0.77301 0.00000 -0.63439
0.77301 0.00000 -0.63439
0.88192 0.00000 -0.47140
0.88192 0.00000 -0.47140
0.88192 0.00000 -0.47140
0.88192 0.00000 -0.47140
0.95694 -0.00000 -0.29029
0.95694 -0.00000 -0.29029
0.95694 -0.00000 -0.29029
0.95694 -0.00000 -0.29029
0.99518 -0.00000 -0.09802
0.99518 -0.00000 -0.09802
0.99518 -0.00000 -0.09802
0.99518 -0.00000 -0.09802
0.99518 -0.00000 0.09802
0.99518 -0.00000 0.09802
0.99518 -0.00000 0.09802
0.99518 -0.00000 0.09802
0.95694 -0.00000 0.29028
0.95694 -0.00000 0.29028
0.95694 -0.00000 0.29028
0.95694 -0.00000 0.29028
0.88192 -0.00000 0.47139
0.88192 -0.00000 0.47139
0.88192 -0.00000 0.47139
0.88192 -0.00000 0.47139
0.77301 -0.00000 0.63439
0.77301 -0.00000 0.63439
0.77301 -0.00000 0.63439
0.77301 -0.00000 0.63439
0.63440 -0.00000 0.77301
0.63440 -0.00000 0.77301
0.63440 -0.00000 0.77301
0.63440 -0.00000 0.77301
0.47140 -0.00000 0.88192
0.47140 -0.00000 0.88192
0.47140 -0.00000 0.88192
0.47140 -0.00000 0.88192
0.29029 -0.00000 0.95694
0.29029 -0.00000 0.95694
0.29029 -0.00000 0.95694
0.29029 -0.00000 0.95694
0.09802 0.00000 0.99518
0.09802 0.00000 0.99518
0.09802 0.00000 0.99518
0.09802 0.00000 0.99518

0.00000 0.50000
0.92022 0.50000
0.90254 0.67953
0.00000 0.50000
0.90254 0.67953
0.92022 0.50000
0.00000 0.50000
0.90254 0.67953
0.85017 0.85215
0.00000 0.50000
0.85017 0.85215
0.90254 0.67953
0.00000 0.50000
0.85017 0.85215
0.76513 1.01125
0.00000 0.50000
0.76513 1.01125
0.85017 0.85215
0.00000 0.50000
0.76513 1.01125
0.65069 1.15069
0.00000 0.50000
0.65069 1.15069
0.76513 1.01125
0.00000 0.50000
0.65069 1.15069
0.51125 1.26513
0.00000 0.50000
0.51125 1.26514
0.65069 1.15069
0.00000 0.50000
0.51125 1.26513
0.35215 1.35017
0.00000 0.50000
0.35215 1.35017
0.51125 1.26514
0.00000 0.50000
0.35215 1.35017
0.17953 1.40254
0.00000 0.50000
0.17952 1.40254
0.35215 1.35017
0.00000 0.50000
0.17953 1.40254
0.00000 1.42022
0.00000 0.50000
-0.00000 1.42022
0.17952 1.40254
0.00000 0.50000
0.00000 1.42022
-0.17953 1.40254
0.00000 0.50000
-0.17953 1.40254
-0.00000 1.42022
0.00000 0.50000
-0.17953 1.40254
-0.35215 1.35017
0.00000 0.50000
-0.35215 1.35017
-0.17953 1.40254
0.00000 0.50000
-0.35215 1.35017
-0.51125 1.26513
0.00000 0.50000
-0.51125 1.26513
-0.35215 1.35017
0.00000 0.50000
-0.51125 1.26513
-0.65069 1.15069
0.00000 0.50000
-0.65069 1.15069
-0.51125 1.26513
0.00000 0.50000
-0.65069 1.15069
-0.76513 1.01125
0.00000 0.50000
-0.76513 1.01125
-0.65069 1.15069
0.00000 0.50000
-0.76513 1.01125
-0.85017 0.85215
0.00000 0.50000
-0.85017 0.85215
-0.76513 1.01125
0.00000 0.50000
-0.85017 0.85215
-0.90254 0.67953
0.00000 0.50000
-0.90254 0.67953
-0.85017 0.85215
0.00000 0.50000
-0.90254 0.67953
-0.92022 0.50000
0.00000 0.50000
-0.92022 0.50000
-0.90254 0.67953
0.00000 0.50000
-0.92022 0.50000
-0.90254 0.32047
0.00000 0.50000
-0.90254 0.32048
-0.92022 0.50000
0.00000 0.50000
-0.90254 0.32047
-0.85017 0.14785
0.00000 0.50000
-0.85017 0.14785
-0.90254 0.32048
0.00000 0.50000
-0.85017 0.14785
-0.76513 -0.01125
0.00000 0.50000
-0.76514 -0.01124
-0.85017 0.14785
0.00000 0.50000
-0.76513 -0.01125
-0.65069 -0.15069
0.00000 0.50000
-0.65070 -0.15069
-0.76514 -0.01124
0.00000 0.50000
-0.65069 -0.15069
-0.51125 -0.26513
0.00000 0.50000
-0.51125 -0.26513
-0.65070 -0.15069
0.00000 0.50000
-0.51125 -0.26513
-0.35215 -0.35017
0.00000 0.50000
-0.35216 -0.35017
-0.51125 -0.26513
0.00000 0.50000
-0.35215 -0.35017
-0.17953 -0.40254
0.00000 0.50000
-0.17953 -0.40254
-0.35216 -0.35017
0.00000 0.50000
-0.17953 -0.40254
0.00000 -0.42022
0.00000 0.50000
-0.00000 -0.42022
-0.17953 -0.40254
0.00000 0.50000
0.00000 -0.42022
0.17953 -0.40254
0.00000 0.50000
0.17952 -0.40254
-0.00000 -0.42022
0.00000 0.50000
0.17953 -0.40254
0.35215 -0.35017
0.00000 0.50000
0.35215 -0.35017
0.17952 -0.40254
0.00000 0.50000
0.35215 -0.35017
0.51125 -0.26513
0.00000 0.50000
0.51124 -0.26514
0.35215 -0.35017
0.00000 0.50000
0.51125 -0.26513
0.65069 -0.15069
0.00000 0.50000
0.65069 -0.15070
0.51124 -0.26514
0.00000 0.50000
0.65069 -0.15069
0.76514 -0.01125
0.00000 0.50000
0.76513 -0.01125
0.65069 -0.15070
0.00000 0.50000
0.76514 -0.01125
0.85017 0.14785
0.00000 0.50000
0.85017 0.14784
0.76513 -0.01125
0.00000 0.50000
0.85017 0.14785
0.90254 0.32048
0.00000 0.50000
0.90254 0.32047
0.85017 0.14784
0.90254 0.32048
0.92022 0.50000
0.00000 0.50000
0.00000 0.50000
0.92022 0.50000
0.90254 0.32047
-0.79672 4.06412
1.01613 4.06411
1.02302 3.82636
-0.78982 3.82636
-0.78982 3.82636
1.02302 3.82636
1.02992 3.58860
-0.78293 3.58860
-0.78293 3.58860
1.02992 3.58860
1.03681 3.35084
-0.77603 3.35085
-0.77603 3.35085
1.03681 3.35084
1.04371 3.11308
-0.76914 3.11309
-0.76914 3.11309
1.04371 3.11308
1.05060 2.87532
-0.76224 2.87533
-0.76224 2.87533
1.05060 2.87532
1.05750 2.63756
-0.75535 2.63757
-0.75535 2.63757
1.05750 2.63756
1.06439 2.39980
-0.74845 2.39981
-0.74845 2.39981
1.06439 2.39980
1.07128 2.16205
-0.74155 2.16205
-0.74155 2.16205
1.07128 2.16205
1.07818 1.92429
-0.73466 1.92430
-0.73466 1.92430
1.07818 1.92429
1.08507 1.68654
-0.72776 1.68654
-0.72776 1.68654
1.08507 1.68654
1.09197 1.44878
-0.72086 1.44878
-0.72086 1.44878
1.09197 1.44878
1.09886 1.21103
-0.71397 1.21103
-0.71397 1.21103
1.09886 1.21103
1.10576 0.97327
-0.70707 0.97327
-0.70707 0.97327
1.10576 0.97327
1.09789 0.73578
-0.71494 0.73577
-0.71494 0.73577
1.09789 0.73578
1.09002 0.49828
-0.72281 0.49828
-0.72281 0.49828
1.09002 0.49828
1.08215 0.26079
-0.73067 0.26078
-0.73067 0.26078
1.08215 0.26079
1.07428 0.02329
-0.73854 0.02329
-0.73854 0.02329
1.07428 0.02329
1.06641 -0.21420
-0.74641 -0.21421
-0.74641 -0.21421
1.06641 -0.21420
1.05855 -0.45169
-0.75428 -0.45170
-0.75428 -0.45170
1.05855 -0.45169
1.05068 -0.68919
-0.76215 -0.68919
-0.76215 -0.68919
1.05068 -0.68919
1.04281 -0.92668
-0.77001 -0.92669
-0.77001 -0.92669
1.04281 -0.92668
1.03494 -1.16417
-0.77788 -1.16418
-0.77788 -1.16418
1.03494 -1.16417
1.02707 -1.40167
-0.78575 -1.40168
-0.78575 -1.40168
1.02707 -1.40167
1.01920 -1.63916
-0.79362 -1.63917
-0.79362 -1.63917
1.01920 -1.63916
1.01133 -1.87666
-0.80149 -1.87666
-0.80149 -1.87666
1.01133 -1.87666
1.00346 -2.11415
-0.80936 -2.11416
-0.80936 -2.11416
1.00346 -2.11415
0.99559 -2.35164
-0.81722 -2.35165
-0.81722 -2.35165
0.99559 -2.35164
0.98772 -2.58914
-0.82509 -2.58914
-0.82509 -2.58914
0.98772 -2.58914
0.97986 -2.82663
-0.83296 -2.82663
-0.83296 -2.82663
0.97986 -2.82663
0.97199 -3.06413
-0.84083 -3.06413
-0.84083 -3.06413
0.97199 -3.06413
0.96411 -3.30162
-0.84870 -3.30162
1.01613 4.06411
-0.79672 4.06412
-0.78885 4.30162
1.02400 4.30161

128
0 1 2
3 4 5
6 7 8
9 10 11
12 13 14
15 16 17
18 19 20
21 22 23
24 25 26
27 28 29
30 31 32
33 34 35
36 37 38
39 40 41
42 43 44
45 46 47
48 49 50
51 52 53
54 55 56
57 58 59
60 61 62
63 64 65
66 67 68
69 70 71
72 73 74
75 76 77
78 79 80
81 82 83
84 85 86
87 88 89
90 91 92
93 94 95
96 97 98
99 100 101
102 103 104
105 106 107
108 109 110
111 112 113
114 115 116
117 118 119
120 121 122
123 124 125
126 127 128
129 130 131
132 133 134
135 136 137
138 139 140
141 142 143
144 145 146
147 148 149
150 151 152
153 154 155
156 157 158
159 160 161
162 163 164
165 166 167
168 169 170
171 172 173
174 175 176
177 178 179
180 181 182
183 184 185
186 187 188
189 190 191
192 193 194
192 194 195
196 197 198
196 198 199
200 201 202
200 202 203
204 205 206
204 206 207
208 209 210
208 210 211
212 213 214
212 214 215
216 217 218
216 218 219
220 221 222
220 222 223
224 225 226
224 226 227
228 229 230
228 230 231
232 233 234
232 234 235
236 237 238
236 238 239
240 241 242
240 242 243
244 245 246
244 246 247
248 249 250
248 250 251
252 253 254
252 254 255
256 257 258
256 258 259
260 261 262
260 262 263
264 265 266
264 266 267
268 269 270
268 270 271
272 273 274
272 274 275
276 277 278
276 278 279
280 281 282
280 282 283
284 285 286
284 286 287
288 289 290
288 290 291
292 293 294
292 294 295
296 297 298
296 298 299
300 301 302
300 302 303
304 305 306
304 306 307
308 309 310
308 310 311
312 313 314
312 314 315
316 317 318
316 318 319

