3
wood
610
1.27279 2.37279 1.80000
1.49665 2.10003 1.80000
1.27279 2.37279 2.00000
-1.84776 0.33463 1.80000
-1.76541 0.74884 1.80000
-1.66298 0.41117 1.80000
-1.96157 0.70982 1.80000
-1.80000 1.10000 1.80000
-1.76541 0.74884 1.80000
-2.00000 1.10000 1.80000
-1.76541 1.45116 1.80000
-1.80000 1.10000 1.80000
-1.96157 1.49018 1.80000
-1.66298 1.78883 1.80000
-1.76541 1.45116 1.80000
-1.84776 1.86537 1.80000
-1.49665 2.10002 1.80000
-1.66298 1.78883 1.80000
-1.66294 2.21114 1.80000
-1.27279 2.37279 1.80000
-1.49665 2.10002 1.80000
-1.41421 2.51422 1.80000
-1.00003 2.59664 1.80000
-1.27279 2.37279 1.80000
-1.11114 2.76294 1.80000
-0.68883 2.76298 1.80000
-1.00003 2.59664 1.80000
-0.76536 2.94776 1.80000
-0.35117 2.86541 1.80000
-0.68883 2.76298 1.80000
-0.39018 3.06157 1.80000
-0.00000 2.90000 1.80000
-0.35117 2.86541 1.80000
0.00000 3.10000 1.80000
0.35116 2.86541 1.80000
-0.00000 2.90000 1.80000
0.39018 3.06157 1.80000
0.68883 2.76298 1.80000
0.35116 2.86541 1.80000
0.76537 2.94776 1.80000
1.00002 2.59665 1.80000
0.68883 2.76298 1.80000
1.76541 1.45116 1.80000
1.66298 1.78883 1.80000
1.96157 1.49018 1.80000
1.66298 0.41117 1.80000
1.76541 0.74884 1.80000
1.84776 0.33463 1.80000
1.49665 2.10003 1.80000
1.49665 2.10002 2.00000
1.33547 2.29642 2.00000
1.66298 1.78883 1.80000
1.49665 2.10003 1.80000
1.84776 1.86537 1.80000
1.76541 0.74884 1.80000
1.80000 1.10000 1.80000
1.96157 0.70982 1.80000
-1.49664 0.09997 1.80000
-1.41460 -0.00000 1.80000
-1.47675 -0.00000 1.80000
1.49664 0.09997 1.80000
1.47675 -0.00000 1.80000
1.41460 -0.00000 1.80000
-1.66294 -0.00000 1.80000
-1.66889 -0.00000 1.80000
-1.84776 0.33463 1.80000
1.49664 0.09997 1.80000
1.66889 -0.00000 1.80000
1.64627 -0.00000 1.80000
-1.41460 -0.00000 1.80000
-1.49664 0.09997 1.80000
-1.41460 -0.00000 1.87330
1.49664 0.09997 2.00000
1.41460 -0.00000 1.80000
1.41460 -0.00000 1.92670
1.41460 -0.00000 2.00000
1.49664 0.09997 2.00000
1.41460 -0.00000 1.92670
1.47675 -0.00000 1.80000
1.66889 -0.00000 1.80000
1.41460 -0.00000 1.80000
1.47675 -0.00000 1.80000
1.64627 -0.00000 1.80000
1.66889 -0.00000 1.80000
-1.49664 0.09997 1.80000
-1.41460 -0.00000 2.00000
-1.41460 -0.00000 1.87330
-1.41460 -0.00000 1.87330
-1.41460 -0.00000 2.00000
-1.41460 -0.00000 1.80000
1.49665 2.10003 1.80000
1.66294 2.21114 1.80000
1.84776 1.86537 1.80000
1.84776 1.86537 1.80000
1.96157 1.49018 1.80000
1.66298 1.78883 1.80000
1.80000 1.10000 1.80000
2.00000 1.10000 1.80000
1.96157 0.70982 1.80000
1.96157 0.70982 1.80000
1.84776 0.33463 1.80000
1.76541 0.74884 1.80000
-1.49664 0.09997 1.80000
-1.49664 0.09997 2.00000
-1.41460 -0.00000 2.00000
-1.66298 0.41117 1.80000
-1.66298 0.41117 2.00000
-1.49664 0.09997 1.80000
-1.76541 0.74884 1.80000
-1.76541 0.74883 2.00000
-1.66298 0.41117 2.00000
-1.80000 1.10000 1.80000
-1.80000 1.09999 2.00000
-1.76541 0.74884 1.80000
-1.76541 1.45116 1.80000
-1.76541 1.45116 2.00000
-1.80000 1.10000 1.80000
-1.66298 1.78883 1.80000
-1.66299 1.78882 2.00000
-1.76541 1.45116 1.80000
-1.49665 2.10002 1.80000
-1.49665 2.10002 2.00000
-1.66298 1.78883 1.80000
-1.27279 2.37279 1.80000
-1.27280 2.37279 2.00000
-1.49665 2.10002 1.80000
-1.00003 2.59664 1.80000
-1.00003 2.59664 2.00000
-1.27279 2.37279 1.80000
-0.68883 2.76298 1.80000
-0.68884 2.76298 2.00000
-1.00003 2.59664 2.00000
-0.35117 2.86541 1.80000
-0.35117 2.86541 2.00000
-0.68883 2.76298 1.80000
-0.00000 2.90000 1.80000
-0.00001 2.90000 2.00000
-0.35117 2.86541 1.80000
0.35116 2.86541 1.80000
0.35115 2.86542 2.00000
-0.00000 2.90000 1.80000
0.68883 2.76298 1.80000
0.68882 2.76299 2.00000
0.35116 2.86541 1.80000
1.49664 0.09997 2.00000
1.49664 0.09997 1.80000
1.41460 -0.00000 1.80000
-1.66298 0.41117 1.80000
-1.66294 -0.00000 1.80000
-1.84776 0.33463 1.80000
-1.76541 0.74884 1.80000
-1.84776 0.33463 1.80000
-1.96157 0.70982 1.80000
-1.80000 1.10000 1.80000
-1.96157 0.70982 1.80000
-2.00000 1.10000 1.80000
-1.76541 1.45116 1.80000
-2.00000 1.10000 1.80000
-1.96157 1.49018 1.80000
-1.66298 1.78883 1.80000
-1.96157 1.49018 1.80000
-1.84776 1.86537 1.80000
-1.49665 2.10002 1.80000
-1.84776 1.86537 1.80000
-1.66294 2.21114 1.80000
-1.27279 2.37279 1.80000
-1.66294 2.21114 1.80000
-1.41421 2.51422 1.80000
-1.00003 2.59664 1.80000
-1.41421 2.51422 1.80000
-1.11114 2.76294 1.80000
-0.68883 2.76298 1.80000
-1.11114 2.76294 1.80000
-0.76536 2.94776 1.80000
-0.35117 2.86541 1.80000
-0.76536 2.94776 1.80000
-0.39018 3.06157 1.80000
-0.00000 2.90000 1.80000
-0.39018 3.06157 1.80000
0.00000 3.10000 1.80000
0.35116 2.86541 1.80000
0.00000 3.10000 1.80000
0.39018 3.06157 1.80000
0.68883 2.76298 1.80000
0.39018 3.06157 1.80000
0.76537 2.94776 1.80000
1.00002 2.59665 1.80000
0.76537 2.94776 1.80000
1.11114 2.76294 1.80000
1.27279 2.37279 1.80000
1.27279 2.37279 2.00000
1.00002 2.59665 1.80000
1.76541 1.45116 2.00000
1.66298 1.78883 1.80000
1.76541 1.45116 1.80000
1.49665 2.10002 2.00000
1.49665 2.10003 1.80000
1.66298 1.78883 1.80000
1.66298 1.78883 1.80000
1.66298 1.78883 2.00000
1.49665 2.10002 2.00000
1.66298 1.78883 1.80000
1.76541 1.45116 2.00000
1.66298 1.78883 2.00000
1.66298 0.41117 2.00000
1.76541 0.74884 1.80000
1.66298 0.41117 1.80000
1.80000 1.10000 2.00000
1.80000 1.10000 1.80000
1.76541 0.74884 1.80000
1.76541 0.74884 1.80000
1.76541 0.74883 2.00000
1.80000 1.10000 2.00000
1.76541 0.74884 1.80000
1.66298 0.41117 2.00000
1.76541 0.74883 2.00000
1.00002 2.59665 1.80000
1.00001 2.59665 2.00000
0.68883 2.76298 1.80000
1.49665 2.10003 1.80000
1.27279 2.37279 1.80000
1.41421 2.51421 1.80000
1.66294 2.21114 1.80000
1.49665 2.10003 1.80000
1.33547 2.29642 2.00000
1.27279 2.37279 2.00000
1.80000 1.10000 1.80000
1.76541 1.45116 1.80000
1.96157 1.49018 1.80000
2.00000 1.10000 1.80000
1.76541 1.45116 2.00000
1.76541 1.45116 1.80000
1.80000 1.10000 1.80000
1.49664 0.09997 1.80000
1.66298 0.41117 1.80000
1.84776 0.33463 1.80000
1.66889 -0.00000 1.80000
1.66298 0.41117 2.00000
1.66298 0.41117 1.80000
1.49664 0.09997 1.80000
1.27279 2.37279 1.80000
1.00002 2.59665 1.80000
1.11114 2.76294 1.80000
1.41421 2.51421 1.80000
-1.49664 0.09997 1.80000
-1.66298 0.41117 2.00000
-1.49664 0.09997 2.00000
-1.66298 0.41117 1.80000
-1.76541 0.74884 1.80000
-1.66298 0.41117 2.00000
-1.76541 0.74884 1.80000
-1.80000 1.09999 2.00000
-1.76541 0.74883 2.00000
-1.80000 1.10000 1.80000
-1.76541 1.45116 2.00000
-1.80000 1.09999 2.00000
-1.76541 1.45116 1.80000
-1.66299 1.78882 2.00000
-1.76541 1.45116 2.00000
-1.66298 1.78883 1.80000
-1.49665 2.10002 2.00000
-1.66299 1.78882 2.00000
-1.49665 2.10002 1.80000
-1.27280 2.37279 2.00000
-1.49665 2.10002 2.00000
-1.27279 2.37279 1.80000
-1.00003 2.59664 2.00000
-1.27280 2.37279 2.00000
-1.00003 2.59664 1.80000
-0.68883 2.76298 1.80000
-1.00003 2.59664 2.00000
-0.68883 2.76298 1.80000
-0.35117 2.86541 2.00000
-0.68884 2.76298 2.00000
-0.35117 2.86541 1.80000
-0.00001 2.90000 2.00000
-0.35117 2.86541 2.00000
-0.00000 2.90000 1.80000
0.35115 2.86542 2.00000
-0.00001 2.90000 2.00000
0.35116 2.86541 1.80000
0.68882 2.76299 2.00000
0.35115 2.86542 2.00000
0.68883 2.76298 1.80000
1.00001 2.59665 2.00000
0.68882 2.76299 2.00000
1.00002 2.59665 1.80000
1.27279 2.37279 2.00000
1.00001 2.59665 2.00000
1.80000 1.10000 2.00000
1.76541 1.45116 2.00000
1.80000 1.10000 1.80000
1.49664 0.09997 2.00000
1.66298 0.41117 2.00000
1.49664 0.09997 1.80000
-1.49664 0.09997 1.80000
-1.64627 -0.00000 1.80000
-1.66294 -0.00000 1.80000
-1.66298 0.41117 1.80000
-1.49664 0.09997 1.80000
-1.47675 -0.00000 1.80000
-1.64627 -0.00000 1.80000
1.49664 0.09997 1.80000
1.64627 -0.00000 1.80000
1.47675 -0.00000 1.80000
-1.27279 2.37279 -1.80000
-1.49665 2.10003 -1.80000
-1.27279 2.37279 -2.00000
1.84776 0.33463 -1.80000
1.76541 0.74884 -1.80000
1.66298 0.41117 -1.80000
1.96157 0.70982 -1.80000
1.80000 1.10000 -1.80000
1.76541 0.74884 -1.80000
2.00000 1.10000 -1.80000
1.76541 1.45116 -1.80000
1.80000 1.10000 -1.80000
1.96157 1.49018 -1.80000
1.66298 1.78883 -1.80000
1.76541 1.45116 -1.80000
1.84776 1.86537 -1.80000
1.49665 2.10002 -1.80000
1.66298 1.78883 -1.80000
1.66294 2.21114 -1.80000
1.27279 2.37279 -1.80000
1.49665 2.10002 -1.80000
1.41421 2.51422 -1.80000
1.00003 2.59664 -1.80000
1.27279 2.37279 -1.80000
1.11114 2.76294 -1.80000
0.68883 2.76298 -1.80000
1.00003 2.59664 -1.80000
0.76536 2.94776 -1.80000
0.35117 2.86541 -1.80000
0.68883 2.76298 -1.80000
0.39018 3.06157 -1.80000
0.00000 2.90000 -1.80000
0.35117 2.86541 -1.80000
-0.00000 3.10000 -1.80000
-0.35116 2.86541 -1.80000
0.00000 2.90000 -1.80000
-0.39018 3.06157 -1.80000
-0.68883 2.76298 -1.80000
-0.35116 2.86541 -1.80000
-0.76537 2.94776 -1.80000
-1.00002 2.59665 -1.80000
-0.68883 2.76298 -1.80000
-1.76541 1.45116 -1.80000
-1.66298 1.78883 -1.80000
-1.96157 1.49018 -1.80000
-1.66298 0.41117 -1.80000
-1.76541 0.74884 -1.80000
-1.84776 0.33463 -1.80000
-1.49665 2.10003 -1.80000
-1.49665 2.10002 -2.00000
-1.33547 2.29642 -2.00000
-1.66298 1.78883 -1.80000
-1.49665 2.10003 -1.80000
-1.84776 1.86537 -1.80000
-1.76541 0.74884 -1.80000
-1.80000 1.10000 -1.80000
-1.96157 0.70982 -1.80000
1.49664 0.09997 -1.80000
1.41460 -0.00000 -1.80000
1.47675 -0.00000 -1.80000
-1.49664 0.09997 -1.80000
-1.47675 -0.00000 -1.80000
-1.41460 -0.00000 -1.80000
1.66294 -0.00000 -1.80000
1.66889 -0.00000 -1.80000
1.84776 0.33463 -1.80000
-1.49664 0.09997 -1.80000
-1.66889 -0.00000 -1.80000
-1.64627 -0.00000 -1.80000
1.41460 -0.00000 -1.80000
1.49664 0.09997 -1.80000
1.41460 -0.00000 -1.87330
-1.49664 0.09997 -2.00000
-1.41460 -0.00000 -1.80000
-1.41460 -0.00000 -1.92670
-1.41460 -0.00000 -2.00000
-1.49664 0.09997 -2.00000
-1.41460 -0.00000 -1.92670
-1.47675 -0.00000 -1.80000
-1.66889 -0.00000 -1.80000
-1.41460 -0.00000 -1.80000
-1.47675 -0.00000 -1.80000
-1.64627 -0.00000 -1.80000
-1.66889 -0.00000 -1.80000
1.49664 0.09997 -1.80000
1.41460 -0.00000 -2.00000
1.41460 -0.00000 -1.87330
1.41460 -0.00000 -1.87330
1.41460 -0.00000 -2.00000
1.41460 -0.00000 -1.80000
-1.49665 2.10003 -1.80000
-1.66294 2.21114 -1.80000
-1.84776 1.86537 -1.80000
-1.84776 1.86537 -1.80000
-1.96157 1.49018 -1.80000
-1.66298 1.78883 -1.80000
-1.80000 1.10000 -1.80000
-2.00000 1.10000 -1.80000
-1.96157 0.70982 -1.80000
-1.96157 0.70982 -1.80000
-1.84776 0.33463 -1.80000
-1.76541 0.74884 -1.80000
1.49664 0.09997 -1.80000
1.49664 0.09997 -2.00000
1.41460 -0.00000 -2.00000
1.66298 0.41117 -1.80000
1.66298 0.41117 -2.00000
1.49664 0.09997 -1.80000
1.76541 0.74884 -1.80000
1.76541 0.74883 -2.00000
1.66298 0.41117 -2.00000
1.80000 1.10000 -1.80000
1.80000 1.09999 -2.00000
1.76541 0.74884 -1.80000
1.76541 1.45116 -1.80000
1.76541 1.45116 -2.00000
1.80000 1.10000 -1.80000
1.66298 1.78883 -1.80000
1.66299 1.78882 -2.00000
1.76541 1.45116 -1.80000
1.49665 2.10002 -1.80000
1.49665 2.10002 -2.00000
1.66298 1.78883 -1.80000
1.27279 2.37279 -1.80000
1.27280 2.37279 -2.00000
1.49665 2.10002 -1.80000
1.00003 2.59664 -1.80000
1.00003 2.59664 -2.00000
1.27279 2.37279 -1.80000
0.68883 2.76298 -1.80000
0.68884 2.76298 -2.00000
1.00003 2.59664 -2.00000
0.35117 2.86541 -1.80000
0.35117 2.86541 -2.00000
0.68883 2.76298 -1.80000
0.00000 2.90000 -1.80000
0.00001 2.90000 -2.00000
0.35117 2.86541 -1.80000
-0.35116 2.86541 -1.80000
-0.35115 2.86542 -2.00000
0.00000 2.90000 -1.80000
-0.68883 2.76298 -1.80000
-0.68882 2.76299 -2.00000
-0.35116 2.86541 -1.80000
-1.49664 0.09997 -2.00000
-1.49664 0.09997 -1.80000
-1.41460 -0.00000 -1.80000
1.66298 0.41117 -1.80000
1.66294 -0.00000 -1.80000
1.84776 0.33463 -1.80000
1.76541 0.74884 -1.80000
1.84776 0.33463 -1.80000
1.96157 0.70982 -1.80000
1.80000 1.10000 -1.80000
1.96157 0.70982 -1.80000
2.00000 1.10000 -1.80000
1.76541 1.45116 -1.80000
2.00000 1.10000 -1.80000
1.96157 1.49018 -1.80000
1.66298 1.78883 -1.80000
1.96157 1.49018 -1.80000
1.84776 1.86537 -1.80000
1.49665 2.10002 -1.80000
1.84776 1.86537 -1.80000
1.66294 2.21114 -1.80000
1.27279 2.37279 -1.80000
1.66294 2.21114 -1.80000
1.41421 2.51422 -1.80000
1.00003 2.59664 -1.80000
1.41421 2.51422 -1.80000
1.11114 2.76294 -1.80000
0.68883 2.76298 -1.80000
1.11114 2.76294 -1.80000
0.76536 2.94776 -1.80000
0.35117 2.86541 -1.80000
0.76536 2.94776 -1.80000
0.39018 3.06157 -1.80000
0.00000 2.90000 -1.80000
0.39018 3.06157 -1.80000
-0.00000 3.10000 -1.80000
-0.35116 2.86541 -1.80000
-0.00000 3.10000 -1.80000
-0.39018 3.06157 -1.80000
-0.68883 2.76298 -1.80000
-0.39018 3.06157 -1.80000
-0.76537 2.94776 -1.80000
-1.00002 2.59665 -1.80000
-0.76537 2.94776 -1.80000
-1.11114 2.76294 -1.80000
-1.27279 2.37279 -1.80000
-1.27279 2.37279 -2.00000
-1.00002 2.59665 -1.80000
-1.76541 1.45116 -2.00000
-1.66298 1.78883 -1.80000
-1.76541 1.45116 -1.80000
-1.49665 2.10002 -2.00000
-1.49665 2.10003 -1.80000
-1.66298 1.78883 -1.80000
-1.66298 1.78883 -1.80000
-1.66298 1.78883 -2.00000
-1.49665 2.10002 -2.00000
-1.66298 1.78883 -1.80000
-1.76541 1.45116 -2.00000
-1.66298 1.78883 -2.00000
-1.66298 0.41117 -2.00000
-1.76541 0.74884 -1.80000
-1.66298 0.41117 -1.80000
-1.80000 1.10000 -2.00000
-1.80000 1.10000 -1.80000
-1.76541 0.74884 -1.80000
-1.76541 0.74884 -1.80000
-1.76541 0.74883 -2.00000
-1.80000 1.10000 -2.00000
-1.76541 0.74884 -1.80000
-1.66298 0.41117 -2.00000
-1.76541 0.74883 -2.00000
-1.00002 2.59665 -1.80000
-1.00001 2.59665 -2.00000
-0.68883 2.76298 -1.80000
-1.49665 2.10003 -1.80000
-1.27279 2.37279 -1.80000
-1.41421 2.51421 -1.80000
-1.66294 2.21114 -1.80000
-1.49665 2.10003 -1.80000
-1.33547 2.29642 -2.00000
-1.27279 2.37279 -2.00000
-1.80000 1.10000 -1.80000
-1.76541 1.45116 -1.80000
-1.96157 1.49018 -1.80000
-2.00000 1.10000 -1.80000
-1.76541 1.45116 -2.00000
-1.76541 1.45116 -1.80000
-1.80000 1.10000 -1.80000
-1.49664 0.09997 -1.80000
-1.66298 0.41117 -1.80000
-1.84776 0.33463 -1.80000
-1.66889 -0.00000 -1.80000
-1.66298 0.41117 -2.00000
-1.66298 0.41117 -1.80000
-1.49664 0.09997 -1.80000
-1.27279 2.37279 -1.80000
-1.00002 2.59665 -1.80000
-1.11114 2.76294 -1.80000
-1.41421 2.51421 -1.80000
1.49664 0.09997 -1.80000
1.66298 0.41117 -2.00000
1.49664 0.09997 -2.00000
1.66298 0.41117 -1.80000
1.76541 0.74884 -1.80000
1.66298 0.41117 -2.00000
1.76541 0.74884 -1.80000
1.80000 1.09999 -2.00000
1.76541 0.74883 -2.00000
1.80000 1.10000 -1.80000
1.76541 1.45116 -2.00000
1.80000 1.09999 -2.00000
1.76541 1.45116 -1.80000
1.66299 1.78882 -2.00000
1.76541 1.45116 -2.00000
1.66298 1.78883 -1.80000
1.49665 2.10002 -2.00000
1.66299 1.78882 -2.00000
1.49665 2.10002 -1.80000
1.27280 2.37279 -2.00000
1.49665 2.10002 -2.00000
1.27279 2.37279 -1.80000
1.00003 2.59664 -2.00000
1.27280 2.37279 -2.00000
1.00003 2.59664 -1.80000
0.68883 2.76298 -1.80000
1.00003 2.59664 -2.00000
0.68883 2.76298 -1.80000
0.35117 2.86541 -2.00000
0.68884 2.76298 -2.00000
0.35117 2.86541 -1.80000
0.00001 2.90000 -2.00000
0.35117 2.86541 -2.00000
0.00000 2.90000 -1.80000
-0.35115 2.86542 -2.00000
0.00001 2.90000 -2.00000
-0.35116 2.86541 -1.80000
-0.68882 2.76299 -2.00000
-0.35115 2.86542 -2.00000
-0.68883 2.76298 -1.80000
-1.00001 2.59665 -2.00000
-0.68882 2.76299 -2.00000
-1.00002 2.59665 -1.80000
-1.27279 2.37279 -2.00000
-1.00001 2.59665 -2.00000
-1.80000 1.10000 -2.00000
-1.76541 1.45116 -2.00000
-1.80000 1.10000 -1.80000
-1.49664 0.09997 -2.00000
-1.66298 0.41117 -2.00000
-1.49664 0.09997 -1.80000
1.49664 0.09997 -1.80000
1.64627 -0.00000 -1.80000
1.66294 -0.00000 -1.80000
1.66298 0.41117 -1.80000
1.49664 0.09997 -1.80000
1.47675 -0.00000 -1.80000
1.64627 -0.00000 -1.80000
-1.49664 0.09997 -1.80000
-1.64627 -0.00000 -1.80000
-1.47675 -0.00000 -1.80000

-0.77301 -0.63439 0.00000
-0.77301 -0.63439 0.00000
-0.77301 -0.63439 0.00000
0.00000 -0.00000 -1.00000
0.00000 -0.00000 -1.00000
0.00000 -0.00000 -1.00000
-0.00000 0.00000 -1.00000
-0.00000 0.00000 -1.00000
-0.00000 0.00000 -1.00000
-0.00000 0.00000 -1.00000
-0.00000 0.00000 -1.00000
-0.00000 0.00000 -1.00000
-0.00000 0.00000 -1.00000
-0.00000 0.00000 -1.00000
-0.00000 0.00000 -1.00000
-0.00000 0.00000 -1.00000
-0.00000 0.00000 -1.00000
-0.00000 0.00000 -1.00000
-0.00000 0.00000 -1.00000
-0.00000 0.00000 -1.00000
-0.00000 0.00000 -1.00000
-0.00000 -0.00000 -1.00000
-0.00000 -0.00000 -1.00000
-0.00000 -0.00000 -1.00000
-0.00000 0.00000 -1.00000
-0.00000 0.00000 -1.00000
-0.00000 0.00000 -1.00000
-0.00000 0.00000 -1.00000
-0.00000 0.00000 -1.00000
-0.00000 0.00000 -1.00000
-0.00000 0.00000 -1.00000
-0.00000 0.00000 -1.00000
-0.00000 0.00000 -1.00000
-0.00000 0.00000 -1.00000
-0.00000 0.00000 -1.00000
-0.00000 0.00000 -1.00000
0.00000 -0.00000 -1.00000
0.00000 -0.00000 -1.00000
0.00000 -0.00000 -1.00000
-0.00000 0.00000 -1.00000
-0.00000 0.00000 -1.00000
-0.00000 0.00000 -1.00000
-0.00000 0.00000 -1.00000
-0.00000 0.00000 -1.00000
-0.00000 0.00000 -1.00000
-0.00000 0.00000 -1.00000
-0.00000 0.00000 -1.00000
-0.00000 0.00000 -1.00000
-0.77301 -0.63439 -0.00000
-0.77301 -0.63439 -0.00000
-0.77301 -0.63439 -0.00000
-0.00000 0.00000 -1.00000
-0.00000 0.00000 -1.00000
-0.00000 0.00000 -1.00000
-0.00000 -0.00000 -1.00000
-0.00000 -0.00000 -1.00000
-0.00000 -0.00000 -1.00000
-0.00000 0.00000 -1.00000
-0.00000 0.00000 -1.00000
-0.00000 0.00000 -1.00000
-0.00000 0.00000 -1.00000
-0.00000 0.00000 -1.00000
-0.00000 0.00000 -1.00000
-0.00000 0.00000 -1.00000
-0.00000 0.00000 -1.00000
-0.00000 0.00000 -1.00000
-0.00000 0.00000 -1.00000
-0.00000 0.00000 -1.00000
-0.00000 0.00000 -1.00000
0.77301 0.63439 -0.00000
0.77301 0.63439 -0.00000
0.77301 0.63439 -0.00000
-0.77301 0.63439 0.00000
-0.77301 0.63439 0.00000
-0.77301 0.63439 0.00000
-0.77301 0.63439 0.00000
-0.77301 0.63439 0.00000
-0.77301 0.63439 0.00000
-0.00000 0.00000 0.00000
-0.00000 0.00000 0.00000
-0.00000 0.00000 0.00000
-0.00000 0.00000 0.00000
-0.00000 0.00000 0.00000
-0.00000 0.00000 0.00000
0.77301 0.63439 0.00000
0.77301 0.63439 0.00000
0.77301 0.63439 0.00000
0.00000 -1.00000 -0.00000
0.00000 -1.00000 -0.00000
0.00000 -1.00000 -0.00000
-0.00000 0.00000 -1.00000
-0.00000 0.00000 -1.00000
-0.00000 0.00000 -1.00000
-0.00000 0.00000 -1.00000
-0.00000 0.00000 -1.00000
-0.00000 0.00000 -1.00000
0.00000 -0.00000 -1.00000
0.00000 -0.00000 -1.00000
0.00000 -0.00000 -1.00000
-0.00000 0.00000 -1.00000
-0.00000 0.00000 -1.00000
-0.00000 0.00000 -1.00000
0.77301 0.63439 0.00000
0.77301 0.63439 0.00000
0.77301 0.63439 0.00000
0.88192 0.47140 0.00000
0.88192 0.47140 0.00000
0.88192 0.47140 0.00000
0.95694 0.29029 0.00000
0.95694 0.29029 0.00000
0.95694 0.29029 0.00000
0.99518 0.09802 0.00000
0.99518 0.09802 0.00000
0.99518 0.09802 0.00000
0.99518 -0.09802 0.00000
0.99518 -0.09802 0.00000
0.99518 -0.09802 0.00000
0.95694 -0.29028 0.00000
0.95694 -0.29028 0.00000
0.95694 -0.29028 0.00000
0.88192 -0.47140 0.00000
0.88192 -0.47140 0.00000
0.88192 -0.47140 0.00000
0.77301 -0.63439 0.00000
0.77301 -0.63439 0.00000
0.77301 -0.63439 0.00000
0.63439 -0.77301 0.00000
0.63439 -0.77301 0.00000
0.63439 -0.77301 0.00000
0.47140 -0.88192 0.00000
0.47140 -0.88192 0.00000
0.47140 -0.88192 0.00000
0.29029 -0.95694 0.00000
0.29029 -0.95694 0.00000
0.29029 -0.95694 0.00000
0.09802 -0.99518 0.00000
0.09802 -0.99518 0.00000
0.09802 -0.99518 0.00000
-0.09802 -0.99518 0.00000
-0.09802 -0.99518 0.00000
-0.09802 -0.99518 0.00000
-0.29028 -0.95694 0.00000
-0.29028 -0.95694 0.00000
-0.29028 -0.95694 0.00000
-0.77301 0.63439 0.00000
-0.77301 0.63439 0.00000
-0.77301 0.63439 0.00000
-0.00000 0.00000 -1.00000
-0.00000 0.00000 -1.00000
-0.00000 0.00000 -1.00000
0.00000 -0.00000 -1.00000
0.00000 -0.00000 -1.00000
0.00000 -0.00000 -1.00000
-0.00000 0.00000 -1.00000
-0.00000 0.00000 -1.00000
-0.00000 0.00000 -1.00000
-0.00000 0.00000 -1.00000
-0.00000 0.00000 -1.00000
-0.00000 0.00000 -1.00000
-0.00000 0.00000 -1.00000
-0.00000 0.00000 -1.00000
-0.00000 0.00000 -1.00000
-0.00000 0.00000 -1.00000
-0.00000 0.00000 -1.00000
-0.00000 0.00000 -1.00000
-0.00000 0.00000 -1.00000
-0.00000 0.00000 -1.00000
-0.00000 0.00000 -1.00000
-0.00000 0.00000 -1.00000
-0.00000 0.00000 -1.00000
-0.00000 0.00000 -1.00000
-0.00000 0.00000 -1.00000
-0.00000 0.00000 -1.00000
-0.00000 0.00000 -1.00000
-0.00000 0.00000 -1.00000
-0.00000 0.00000 -1.00000
-0.00000 0.00000 -1.00000
-0.00000 0.00000 -1.00000
-0.00000 0.00000 -1.00000
-0.00000 0.00000 -1.00000
-0.00000 0.00000 -1.00000
-0.00000 0.00000 -1.00000
-0.00000 0.00000 -1.00000
0.00000 -0.00000 -1.00000
0.00000 -0.00000 -1.00000
0.00000 -0.00000 -1.00000
0.00000 0.00000 -1.00000
0.00000 0.00000 -1.00000
0.00000 0.00000 -1.00000
-0.63439 -0.77301 -0.00000
-0.63439 -0.77301 -0.00000
-0.63439 -0.77301 -0.00000
-0.95694 -0.29028 -0.00000
-0.95694 -0.29028 -0.00000
-0.95694 -0.29028 -0.00000
-0.88192 -0.47140 0.00000
-0.88192 -0.47140 0.00000
-0.88192 -0.47140 0.00000
-0.88192 -0.47140 -0.00000
-0.88192 -0.47140 -0.00000
-0.88192 -0.47140 -0.00000
-0.95694 -0.29028 0.00000
-0.95694 -0.29028 0.00000
-0.95694 -0.29028 0.00000
-0.95694 0.29029 -0.00000
-0.95694 0.29029 -0.00000
-0.95694 0.29029 -0.00000
-0.99518 0.09802 0.00000
-0.99518 0.09802 0.00000
-0.99518 0.09802 0.00000
-0.99518 0.09802 -0.00000
-0.99518 0.09802 -0.00000
-0.99518 0.09802 -0.00000
-0.95694 0.29029 0.00000
-0.95694 0.29029 0.00000
-0.95694 0.29029 0.00000
-0.47140 -0.88192 0.00000
-0.47140 -0.88192 0.00000
-0.47140 -0.88192 0.00000
-0.00000 0.00000 -1.00000
-0.00000 0.00000 -1.00000
-0.00000 0.00000 -1.00000
-0.00000 0.00000 -1.00000
-0.77301 -0.63439 -0.00000
-0.77301 -0.63439 -0.00000
-0.77301 -0.63439 -0.00000
0.00000 -0.00000 -1.00000
0.00000 -0.00000 -1.00000
0.00000 -0.00000 -1.00000
0.00000 -0.00000 -1.00000
-0.99518 -0.09802 0.00000
-0.99518 -0.09802 0.00000
-0.99518 -0.09802 0.00000
-0.00000 0.00000 -1.00000
-0.00000 0.00000 -1.00000
-0.00000 0.00000 -1.00000
-0.00000 0.00000 -1.00000
-0.88192 0.47140 0.00000
-0.88192 0.47140 0.00000
-0.88192 0.47140 0.00000
0.00000 -0.00000 -1.00000
0.00000 -0.00000 -1.00000
0.00000 -0.00000 -1.00000
0.00000 -0.00000 -1.00000
0.88192 0.47140 -0.00000
0.88192 0.47140 -0.00000
0.88192 0.47140 -0.00000
0.95694 0.29029 -0.00000
0.95694 0.29029 -0.00000
0.95694 0.29029 -0.00000
0.99518 0.09802 -0.00000
0.99518 0.09802 -0.00000
0.99518 0.09802 -0.00000
0.99519 -0.09801 -0.00000
0.99519 -0.09801 -0.00000
0.99519 -0.09801 -0.00000
0.95694 -0.29028 -0.00000
0.95694 -0.29028 -0.00000
0.95694 -0.29028 -0.00000
0.88192 -0.47139 -0.00001
0.88192 -0.47139 -0.00001
0.88192 -0.47139 -0.00001
0.77301 -0.63439 -0.00001
0.77301 -0.63439 -0.00001
0.77301 -0.63439 -0.00001
0.63440 -0.77301 -0.00001
0.63440 -0.77301 -0.00001
0.63440 -0.77301 -0.00001
0.47140 -0.88192 -0.00001
0.47140 -0.88192 -0.00001
0.47140 -0.88192 -0.00001
0.29029 -0.95694 -0.00001
0.29029 -0.95694 -0.00001
0.29029 -0.95694 -0.00001
0.09802 -0.99518 -0.00001
0.09802 -0.99518 -0.00001
0.09802 -0.99518 -0.00001
-0.09801 -0.99519 -0.00001
-0.09801 -0.99519 -0.00001
-0.09801 -0.99519 -0.00001
-0.29028 -0.95694 -0.00001
-0.29028 -0.95694 -0.00001
-0.29028 -0.95694 -0.00001
-0.47139 -0.88192 -0.00001
-0.47139 -0.88192 -0.00001
-0.47139 -0.88192 -0.00001
-0.63439 -0.77301 -0.00001
-0.63439 -0.77301 -0.00001
-0.63439 -0.77301 -0.00001
-0.99518 -0.09802 -0.00000
-0.99518 -0.09802 -0.00000
-0.99518 -0.09802 -0.00000
-0.88192 0.47140 -0.00000
-0.88192 0.47140 -0.00000
-0.88192 0.47140 -0.00000
-0.00000 0.00000 -1.00000
-0.00000 0.00000 -1.00000
-0.00000 0.00000 -1.00000
-0.00000 0.00000 -1.00000
-0.00000 0.00000 -1.00000
-0.00000 0.00000 -1.00000
-0.00000 0.00000 -1.00000
-0.00000 0.00000 -1.00000
-0.00000 0.00000 -1.00000
-0.00000 0.00000 -1.00000
0.77301 -0.63439 -0.00000
0.77301 -0.63439 -0.00000
0.77301 -0.63439 -0.00000
0.00000 -0.00000 1.00000
0.00000 -0.00000 1.00000
0.00000 -0.00000 1.00000
0.00000 -0.00000 1.00000
0.00000 -0.00000 1.00000
0.00000 -0.00000 1.00000
0.00000 -0.00000 1.00000
0.00000 -0.00000 1.00000
0.00000 -0.00000 1.00000
0.00000 -0.00000 1.00000
0.00000 -0.00000 1.00000
0.00000 -0.00000 1.00000
-0.00000 0.00000 1.00000
-0.00000 0.00000 1.00000
-0.00000 0.00000 1.00000
0.00000 -0.00000 1.00000
0.00000 -0.00000 1.00000
0.00000 -0.00000 1.00000
0.00000 -0.00000 1.00000
0.00000 -0.00000 1.00000
0.00000 -0.00000 1.00000
0.00000 0.00000 1.00000
0.00000 0.00000 1.00000
0.00000 0.00000 1.00000
0.00000 -0.00000 1.00000
0.00000 -0.00000 1.00000
0.00000 -0.00000 1.00000
0.00000 -0.00000 1.00000
0.00000 -0.00000 1.00000
0.00000 -0.00000 1.00000
0.00000 -0.00000 1.00000
0.00000 -0.00000 1.00000
0.00000 -0.00000 1.00000
0.00000 -0.00000 1.00000
0.00000 -0.00000 1.00000
0.00000 -0.00000 1.00000
0.00000 0.00000 1.00000
0.00000 0.00000 1.00000
0.00000 0.00000 1.00000
0.00000 -0.00000 1.00000
0.00000 -0.00000 1.00000
0.00000 -0.00000 1.00000
0.00000 -0.00000 1.00000
0.00000 -0.00000 1.00000
0.00000 -0.00000 1.00000
0.77301 -0.63439 0.00000
0.77301 -0.63439 0.00000
0.77301 -0.63439 0.00000
0.00000 0.00000 1.00000
0.00000 0.00000 1.00000
0.00000 0.00000 1.00000
0.00000 -0.00000 1.00000
0.00000 -0.00000 1.00000
0.00000 -0.00000 1.00000
0.00000 -0.00000 1.00000
0.00000 -0.00000 1.00000
0.00000 -0.00000 1.00000
0.00000 -0.00000 1.00000
0.00000 -0.00000 1.00000
0.00000 -0.00000 1.00000
0.00000 -0.00000 1.00000
0.00000 -0.00000 1.00000
0.00000 -0.00000 1.00000
0.00000 -0.00000 1.00000
0.00000 -0.00000 1.00000
0.00000 -0.00000 1.00000
-0.77301 0.63439 0.00000
-0.77301 0.63439 0.00000
-0.77301 0.63439 0.00000
0.77301 0.63439 0.00000
0.77301 0.63439 0.00000
0.77301 0.63439 0.00000
0.77301 0.63439 0.00000
0.77301 0.63439 0.00000
0.77301 0.63439 0.00000
-0.00000 0.00000 0.00000
-0.00000 0.00000 0.00000
-0.00000 0.00000 0.00000
-0.00000 0.00000 0.00000
-0.00000 0.00000 0.00000
-0.00000 0.00000 0.00000
-0.77301 0.63439 0.00000
-0.77301 0.63439 0.00000
-0.77301 0.63439 0.00000
0.00000 -1.00000 -0.00000
0.00000 -1.00000 -0.00000
0.00000 -1.00000 -0.00000
0.00000 0.00000 1.00000
0.00000 0.00000 1.00000
0.00000 0.00000 1.00000
0.00000 -0.00000 1.00000
0.00000 -0.00000 1.00000
0.00000 -0.00000 1.00000
0.00000 -0.00000 1.00000
0.00000 -0.00000 1.00000
0.00000 -0.00000 1.00000
0.00000 -0.00000 1.00000
0.00000 -0.00000 1.00000
0.00000 -0.00000 1.00000
-0.77301 0.63439 0.00000
-0.77301 0.63439 0.00000
-0.77301 0.63439 0.00000
-0.88192 0.47140 -0.00000
-0.88192 0.47140 -0.00000
-0.88192 0.47140 -0.00000
-0.95694 0.29029 -0.00000
-0.95694 0.29029 -0.00000
-0.95694 0.29029 -0.00000
-0.99518 0.09802 -0.00000
-0.99518 0.09802 -0.00000
-0.99518 0.09802 -0.00000
-0.99518 -0.09802 -0.00000
-0.99518 -0.09802 -0.00000
-0.99518 -0.09802 -0.00000
-0.95694 -0.29028 -0.00000
-0.95694 -0.29028 -0.00000
-0.95694 -0.29028 -0.00000
-0.88192 -0.47140 -0.00000
-0.88192 -0.47140 -0.00000
-0.88192 -0.47140 -0.00000
-0.77301 -0.63439 -0.00000
-0.77301 -0.63439 -0.00000
-0.77301 -0.63439 -0.00000
-0.63439 -0.77301 -0.00000
-0.63439 -0.77301 -0.00000
-0.63439 -0.77301 -0.00000
-0.47140 -0.88192 -0.00000
-0.47140 -0.88192 -0.00000
-0.47140 -0.88192 -0.00000
-0.29029 -0.95694 -0.00000
-0.29029 -0.95694 -0.00000
-0.29029 -0.95694 -0.00000
-0.09802 -0.99518 -0.00000
-0.09802 -0.99518 -0.00000
-0.09802 -0.99518 -0.00000
0.09802 -0.99518 -0.00000
0.09802 -0.99518 -0.00000
0.09802 -0.99518 -0.00000
0.29028 -0.95694 -0.00000
0.29028 -0.95694 -0.00000
0.29028 -0.95694 -0.00000
0.77301 0.63439 0.00000
0.77301 0.63439 0.00000
0.77301 0.63439 0.00000
0.00000 -0.00000 1.00000
0.00000 -0.00000 1.00000
0.00000 -0.00000 1.00000
0.00000 -0.00000 1.00000
0.00000 -0.00000 1.00000
0.00000 -0.00000 1.00000
0.00000 -0.00000 1.00000
0.00000 -0.00000 1.00000
0.00000 -0.00000 1.00000
0.00000 -0.00000 1.00000
0.00000 -0.00000 1.00000
0.00000 -0.00000 1.00000
0.00000 -0.00000 1.00000
0.00000 -0.00000 1.00000
0.00000 -0.00000 1.00000
-0.00000 0.00000 1.00000
-0.00000 0.00000 1.00000
-0.00000 0.00000 1.00000
0.00000 -0.00000 1.00000
0.00000 -0.00000 1.00000
0.00000 -0.00000 1.00000
0.00000 0.00000 1.00000
0.00000 0.00000 1.00000
0.00000 0.00000 1.00000
0.00000 -0.00000 1.00000
0.00000 -0.00000 1.00000
0.00000 -0.00000 1.00000
0.00000 -0.00000 1.00000
0.00000 -0.00000 1.00000
0.00000 -0.00000 1.00000
0.00000 -0.00000 1.00000
0.00000 -0.00000 1.00000
0.00000 -0.00000 1.00000
0.00000 -0.00000 1.00000
0.00000 -0.00000 1.00000
0.00000 -0.00000 1.00000
0.00000 -0.00000 1.00000
0.00000 -0.00000 1.00000
0.00000 -0.00000 1.00000
-0.00000 0.00000 1.00000
-0.00000 0.00000 1.00000
-0.00000 0.00000 1.00000
0.63439 -0.77301 0.00000
0.63439 -0.77301 0.00000
0.63439 -0.77301 0.00000
0.95694 -0.29028 0.00000
0.95694 -0.29028 0.00000
0.95694 -0.29028 0.00000
0.88192 -0.47140 -0.00000
0.88192 -0.47140 -0.00000
0.88192 -0.47140 -0.00000
0.88192 -0.47140 0.00000
0.88192 -0.47140 0.00000
0.88192 -0.47140 0.00000
0.95694 -0.29028 -0.00000
0.95694 -0.29028 -0.00000
0.95694 -0.29028 -0.00000
0.95694 0.29029 0.00000
0.95694 0.29029 0.00000
0.95694 0.29029 0.00000
0.99518 0.09802 -0.00000
0.99518 0.09802 -0.00000
0.99518 0.09802 -0.00000
0.99518 0.09802 0.00000
0.99518 0.09802 0.00000
0.99518 0.09802 0.00000
0.95694 0.29029 -0.00000
0.95694 0.29029 -0.00000
0.95694 0.29029 -0.00000
0.47140 -0.88192 -0.00000
0.47140 -0.88192 -0.00000
0.47140 -0.88192 -0.00000
0.00000 -0.00000 1.00000
0.00000 -0.00000 1.00000
0.00000 -0.00000 1.00000
0.00000 -0.00000 1.00000
0.77301 -0.63439 0.00000
0.77301 -0.63439 0.00000
0.77301 -0.63439 0.00000
0.00000 -0.00000 1.00000
0.00000 -0.00000 1.00000
0.00000 -0.00000 1.00000
0.00000 -0.00000 1.00000
0.99518 -0.09802 -0.00000
0.99518 -0.09802 -0.00000
0.99518 -0.09802 -0.00000
0.00000 -0.00000 1.00000
0.00000 -0.00000 1.00000
0.00000 -0.00000 1.00000
0.00000 -0.00000 1.00000
0.88192 0.47140 -0.00000
0.88192 0.47140 -0.00000
0.88192 0.47140 -0.00000
-0.00000 -0.00000 1.00000
-0.00000 -0.00000 1.00000
-0.00000 -0.00000 1.00000
-0.00000 -0.00000 1.00000
-0.88192 0.47140 0.00000
-0.88192 0.47140 0.00000
-0.88192 0.47140 0.00000
-0.95694 0.29029 0.00000
-0.95694 0.29029 0.00000
-0.95694 0.29029 0.00000
-0.99518 0.09802 0.00000
-0.99518 0.09802 0.00000
-0.99518 0.09802 0.00000
-0.99519 -0.09801 0.00000
-0.99519 -0.09801 0.00000
-0.99519 -0.09801 0.00000
-0.95694 -0.29028 0.00000
-0.95694 -0.29028 0.00000
-0.95694 -0.29028 0.00000
-0.88192 -0.47139 0.00001
-0.88192 -0.47139 0.00001
-0.88192 -0.47139 0.00001
-0.77301 -0.63439 0.00001
-0.77301 -0.63439 0.00001
-0.77301 -0.63439 0.00001
-0.63440 -0.77301 0.00001
-0.63440 -0.77301 0.00001
-0.63440 -0.77301 0.00001
-0.47140 -0.88192 0.00001
-0.47140 -0.88192 0.00001
-0.47140 -0.88192 0.00001
-0.29029 -0.95694 0.00001
-0.29029 -0.95694 0.00001
-0.29029 -0.95694 0.00001
-0.09802 -0.99518 0.00001
-0.09802 -0.99518 0.00001
-0.09802 -0.99518 0.00001
0.09801 -0.99519 0.00001
0.09801 -0.99519 0.00001
0.09801 -0.99519 0.00001
0.29028 -0.95694 0.00001
0.29028 -0.95694 0.00001
0.29028 -0.95694 0.00001
0.47139 -0.88192 0.00001
0.47139 -0.88192 0.00001
0.47139 -0.88192 0.00001
0.63439 -0.77301 0.00001
0.63439 -0.77301 0.00001
0.63439 -0.77301 0.00001
0.99518 -0.09802 0.00000
0.99518 -0.09802 0.00000
0.99518 -0.09802 0.00000
0.88192 0.47140 0.00000
0.88192 0.47140 0.00000
0.88192 0.47140 0.00000
0.00000 -0.00000 1.00000
0.00000 -0.00000 1.00000
0.00000 -0.00000 1.00000
0.00000 -0.00000 1.00000
0.00000 -0.00000 1.00000
0.00000 -0.00000 1.00000
0.00000 -0.00000 1.00000
0.00000 -0.00000 1.00000
0.00000 -0.00000 1.00000
0.00000 -0.00000 1.00000

0.40000 0.75681
0.40000 0.70177
0.45000 0.75681
0.30866 0.12718
0.41221 0.14380
0.32779 0.16447
0.40246 0.10422
0.50000 0.13682
0.41221 0.14380
0.50000 0.09647
0.58779 0.14380
0.50000 0.13682
0.59755 0.10422
0.67221 0.16447
0.58779 0.14380
0.69134 0.12718
0.75001 0.19803
0.67221 0.16447
0.77779 0.16448
0.81820 0.24319
0.75001 0.19803
0.85355 0.21466
0.87416 0.29823
0.81820 0.24319
0.91574 0.27581
0.91575 0.36102
0.87416 0.29823
0.96194 0.34558
0.94135 0.42915
0.91575 0.36102
0.99039 0.42128
0.95000 0.50000
0.94135 0.42915
0.00000 0.50000
-0.05865 0.57085
-0.05000 0.50000
0.99039 0.57873
0.91575 0.63898
0.94135 0.57085
0.96194 0.65443
0.87416 0.70177
0.91575 0.63898
0.58779 0.85620
0.67221 0.83553
0.59755 0.89578
0.32779 0.83553
0.41221 0.85620
0.30866 0.87282
0.40000 0.70177
0.45000 0.70177
0.45000 0.74140
0.67221 0.83553
0.75001 0.80197
0.69134 0.87282
0.41221 0.85620
0.50000 0.86318
0.40245 0.89578
0.24999 0.19803
0.22500 0.21458
0.22500 0.20204
0.24999 0.80197
0.22500 0.79796
0.22500 0.78542
0.22500 0.16447
0.22500 0.16327
0.30866 0.12718
0.24999 0.80197
0.22500 0.83673
0.22500 0.83216
0.40000 0.27806
0.40000 0.29823
0.41833 0.27806
0.45000 0.29823
0.40000 0.27806
0.43167 0.27806
0.45000 0.27806
0.45000 0.29823
0.43167 0.27806
0.22500 0.79796
0.22500 0.83673
0.22500 0.78542
0.22500 0.79796
0.22500 0.83216
0.22500 0.83673
0.40000 0.29823
0.45000 0.27806
0.41833 0.27806
0.41833 0.21458
0.45000 0.21458
0.40000 0.21458
0.75001 0.80197
0.77779 0.83553
0.69134 0.87282
0.69134 0.87282
0.59755 0.89578
0.67221 0.83553
0.50000 0.86318
0.50000 0.90353
0.40245 0.89578
0.40245 0.89578
0.30866 0.87282
0.41221 0.85620
0.40000 0.29823
0.45000 0.29823
0.45000 0.27806
0.40000 0.36102
0.45000 0.36102
0.40000 0.29823
0.40000 0.42915
0.45000 0.42915
0.45000 0.36102
0.40000 0.50000
0.45000 0.50000
0.40000 0.42915
0.40000 0.57085
0.45000 0.57085
0.40000 0.50000
0.40000 0.63898
0.45000 0.63898
0.40000 0.57085
0.40000 0.70177
0.45000 0.70177
0.40000 0.63898
0.40000 0.75681
0.45000 0.75681
0.40000 0.70177
0.40000 0.29823
0.45000 0.29823
0.40000 0.24319
0.40000 0.36102
0.45000 0.36102
0.45000 0.29823
0.40000 0.42915
0.45000 0.42914
0.40000 0.36102
0.40000 0.50000
0.45000 0.50000
0.40000 0.42915
0.40000 0.57085
0.45000 0.57085
0.40000 0.50000
0.40000 0.63898
0.45000 0.63898
0.40000 0.57085
0.45000 0.29823
0.40000 0.29823
0.40000 0.27806
0.32779 0.16447
0.22500 0.16447
0.30866 0.12718
0.41221 0.14380
0.30866 0.12718
0.40246 0.10422
0.50000 0.13682
0.40246 0.10422
0.50000 0.09647
0.58779 0.14380
0.50000 0.09647
0.59755 0.10422
0.67221 0.16447
0.59755 0.10422
0.69134 0.12718
0.75001 0.19803
0.69134 0.12718
0.77779 0.16448
0.81820 0.24319
0.77779 0.16448
0.85355 0.21466
0.87416 0.29823
0.85355 0.21466
0.91574 0.27581
0.91575 0.36102
0.91574 0.27581
0.96194 0.34558
0.94135 0.42915
0.96194 0.34558
0.99039 0.42128
0.95000 0.50000
0.99039 0.42128
1.00000 0.50000
0.94135 0.57085
1.00000 0.50000
0.99039 0.57873
0.91575 0.63898
0.99039 0.57873
0.96194 0.65443
0.87416 0.70177
0.96194 0.65443
0.91573 0.72419
0.40000 0.75681
0.45000 0.75681
0.40000 0.70177
0.45000 0.57085
0.40000 0.63898
0.40000 0.57085
0.45000 0.70177
0.40000 0.70177
0.40000 0.63898
0.40000 0.63898
0.45000 0.63898
0.45000 0.70177
0.40000 0.63898
0.45000 0.57085
0.45000 0.63898
0.45000 0.36102
0.40000 0.42915
0.40000 0.36102
0.45000 0.50000
0.40000 0.50000
0.40000 0.42915
0.40000 0.42915
0.45000 0.42915
0.45000 0.50000
0.40000 0.42915
0.45000 0.36102
0.45000 0.42915
0.40000 0.70177
0.45000 0.70177
0.40000 0.63898
0.75001 0.80197
0.81820 0.75681
0.85355 0.78534
0.77779 0.83553
0.40000 0.70177
0.45000 0.74140
0.45000 0.75681
0.50000 0.86318
0.58779 0.85620
0.59755 0.89578
0.50000 0.90353
0.45000 0.57085
0.40000 0.57085
0.40000 0.50000
0.24999 0.80197
0.32779 0.83553
0.30866 0.87282
0.22500 0.83673
0.45000 0.36102
0.40000 0.36102
0.40000 0.29823
0.81820 0.75681
0.87416 0.70177
0.91573 0.72419
0.85355 0.78534
0.40000 0.29823
0.45000 0.36102
0.45000 0.29823
0.40000 0.36102
0.40000 0.42915
0.45000 0.36102
0.40000 0.42915
0.45000 0.50000
0.45000 0.42915
0.40000 0.50000
0.45000 0.57085
0.45000 0.50000
0.40000 0.57085
0.45000 0.63898
0.45000 0.57085
0.40000 0.63898
0.45000 0.70177
0.45000 0.63898
0.40000 0.70177
0.45000 0.75681
0.45000 0.70177
0.40000 0.24319
0.45000 0.29823
0.45000 0.24319
0.40000 0.29823
0.40000 0.36102
0.45000 0.29823
0.40000 0.36102
0.45000 0.42914
0.45000 0.36102
0.40000 0.42915
0.45000 0.50000
0.45000 0.42915
0.40000 0.50000
0.45000 0.57085
0.45000 0.50000
0.40000 0.57085
0.45000 0.63898
0.45000 0.57085
0.40000 0.63898
0.45000 0.70177
0.45000 0.63898
0.40000 0.70177
0.45000 0.75681
0.45000 0.70177
0.45000 0.50000
0.45000 0.57085
0.40000 0.50000
0.45000 0.29823
0.45000 0.36102
0.40000 0.29823
0.24999 0.19803
0.22500 0.16784
0.22500 0.16447
0.32779 0.16447
0.24999 0.19803
0.22500 0.20204
0.22500 0.16784
0.24999 0.80197
0.22500 0.83216
0.22500 0.79796
0.40000 0.75681
0.40000 0.70177
0.45000 0.75681
0.30866 0.12718
0.41221 0.14380
0.32779 0.16447
0.40246 0.10422
0.50000 0.13682
0.41221 0.14380
0.50000 0.09647
0.58779 0.14380
0.50000 0.13682
0.59755 0.10422
0.67221 0.16447
0.58779 0.14380
0.69134 0.12718
0.75001 0.19803
0.67221 0.16447
0.77779 0.16448
0.81820 0.24319
0.75001 0.19803
0.85355 0.21466
0.87416 0.29823
0.81820 0.24319
0.91574 0.27581
0.91575 0.36102
0.87416 0.29823
0.96194 0.34558
0.94135 0.42915
0.91575 0.36102
0.99039 0.42128
0.95000 0.50000
0.94135 0.42915
0.00000 0.50000
-0.05865 0.57085
-0.05000 0.50000
0.99039 0.57873
0.91575 0.63898
0.94135 0.57085
0.96194 0.65443
0.87416 0.70177
0.91575 0.63898
0.58779 0.85620
0.67221 0.83553
0.59755 0.89578
0.32779 0.83553
0.41221 0.85620
0.30866 0.87282
0.40000 0.70177
0.45000 0.70177
0.45000 0.74140
0.67221 0.83553
0.75001 0.80197
0.69134 0.87282
0.41221 0.85620
0.50000 0.86318
0.40245 0.89578
0.24999 0.19803
0.22500 0.21458
0.22500 0.20204
0.24999 0.80197
0.22500 0.79796
0.22500 0.78542
0.22500 0.16447
0.22500 0.16327
0.30866 0.12718
0.24999 0.80197
0.22500 0.83673
0.22500 0.83216
0.40000 0.27806
0.40000 0.29823
0.41833 0.27806
0.45000 0.29823
0.40000 0.27806
0.43167 0.27806
0.45000 0.27806
0.45000 0.29823
0.43167 0.27806
0.22500 0.79796
0.22500 0.83673
0.22500 0.78542
0.22500 0.79796
0.22500 0.83216
0.22500 0.83673
0.40000 0.29823
0.45000 0.27806
0.41833 0.27806
0.41833 0.21458
0.45000 0.21458
0.40000 0.21458
0.75001 0.80197
0.77779 0.83553
0.69134 0.87282
0.69134 0.87282
0.59755 0.89578
0.67221 0.83553
0.50000 0.86318
0.50000 0.90353
0.40245 0.89578
0.40245 0.89578
0.30866 0.87282
0.41221 0.85620
0.40000 0.29823
0.45000 0.29823
0.45000 0.27806
0.40000 0.36102
0.45000 0.36102
0.40000 0.29823
0.40000 0.42915
0.45000 0.42915
0.45000 0.36102
0.40000 0.50000
0.45000 0.50000
0.40000 0.42915
0.40000 0.57085
0.45000 0.57085
0.40000 0.50000
0.40000 0.63898
0.45000 0.63898
0.40000 0.57085
0.40000 0.70177
0.45000 0.70177
0.40000 0.63898
0.40000 0.75681
0.45000 0.75681
0.40000 0.70177
0.40000 0.29823
0.45000 0.29823
0.40000 0.24319
0.40000 0.36102
0.45000 0.36102
0.45000 0.29823
0.40000 0.42915
0.45000 0.42914
0.40000 0.36102
0.40000 0.50000
0.45000 0.50000
0.40000 0.42915
0.40000 0.57085
0.45000 0.57085
0.40000 0.50000
0.40000 0.63898
0.45000 0.63898
0.40000 0.57085
0.45000 0.29823
0.40000 0.29823
0.40000 0.27806
0.32779 0.16447
0.22500 0.16447
0.30866 0.12718
0.41221 0.14380
0.30866 0.12718
0.40246 0.10422
0.50000 0.13682
0.40246 0.10422
0.50000 0.09647
0.58779 0.14380
0.50000 0.09647
0.59755 0.10422
0.67221 0.16447
0.59755 0.10422
0.69134 0.12718
0.75001 0.19803
0.69134 0.12718
0.77779 0.16448
0.81820 0.24319
0.77779 0.16448
0.85355 0.21466
0.87416 0.29823
0.85355 0.21466
0.91574 0.27581
0.91575 0.36102
0.91574 0.27581
0.96194 0.34558
0.94135 0.42915
0.96194 0.34558
0.99039 0.42128
0.95000 0.50000
0.99039 0.42128
1.00000 0.50000
0.94135 0.57085
1.00000 0.50000
0.99039 0.57873
0.91575 0.63898
0.99039 0.57873
0.96194 0.65443
0.87416 0.70177
0.96194 0.65443
0.91573 0.72419
0.40000 0.75681
0.45000 0.75681
0.40000 0.70177
0.45000 0.57085
0.40000 0.63898
0.40000 0.57085
0.45000 0.70177
0.40000 0.70177
0.40000 0.63898
0.40000 0.63898
0.45000 0.63898
0.45000 0.70177
0.40000 0.63898
0.45000 0.57085
0.45000 0.63898
0.45000 0.36102
0.40000 0.42915
0.40000 0.36102
0.45000 0.50000
0.40000 0.50000
0.40000 0.42915
0.40000 0.42915
0.45000 0.42915
0.45000 0.50000
0.40000 0.42915
0.45000 0.36102
0.45000 0.42915
0.40000 0.70177
0.45000 0.70177
0.40000 0.63898
0.75001 0.80197
0.81820 0.75681
0.85355 0.78534
0.77779 0.83553
0.40000 0.70177
0.45000 0.74140
0.45000 0.75681
0.50000 0.86318
0.58779 0.85620
0.59755 0.89578
0.50000 0.90353
0.45000 0.57085
0.40000 0.57085
0.40000 0.50000
0.24999 0.80197
0.32779 0.83553
0.30866 0.87282
0.22500 0.83673
0.45000 0.36102
0.40000 0.36102
0.40000 0.29823
0.81820 0.75681
0.87416 0.70177
0.91573 0.72419
0.85355 0.78534
0.40000 0.29823
0.45000 0.36102
0.45000 0.29823
0.40000 0.36102
0.40000 0.42915
0.45000 0.36102
0.40000 0.42915
0.45000 0.50000
0.45000 0.42915
0.40000 0.50000
0.45000 0.57085
0.45000 0.50000
0.40000 0.57085
0.45000 0.63898
0.45000 0.57085
0.40000 0.63898
0.45000 0.70177
0.45000 0.63898
0.40000 0.70177
0.45000 0.75681
0.45000 0.70177
0.40000 0.24319
0.45000 0.29823
0.45000 0.24319
0.40000 0.29823
0.40000 0.36102
0.45000 0.29823
0.40000 0.36102
0.45000 0.42914
0.45000 0.36102
0.40000 0.42915
0.45000 0.50000
0.45000 0.42915
0.40000 0.50000
0.45000 0.57085
0.45000 0.50000
0.40000 0.57085
0.45000 0.63898
0.45000 0.57085
0.40000 0.63898
0.45000 0.70177
0.45000 0.63898
0.40000 0.70177
0.45000 0.75681
0.45000 0.70177
0.45000 0.50000
0.45000 0.57085
0.40000 0.50000
0.45000 0.29823
0.45000 0.36102
0.40000 0.29823
0.24999 0.19803
0.22500 0.16784
0.22500 0.16447
0.32779 0.16447
0.24999 0.19803
0.22500 0.20204
0.22500 0.16784
0.24999 0.80197
0.22500 0.83216
0.22500 0.79796

210
0 1 2
3 4 5
6 7 8
9 10 11
12 13 14
15 16 17
18 19 20
21 22 23
24 25 26
27 28 29
30 31 32
33 34 35
36 37 38
39 40 41
42 43 44
45 46 47
48 49 50
51 52 53
54 55 56
57 58 59
60 61 62
63 64 65
66 67 68
69 70 71
72 73 74
75 76 77
78 79 80
81 82 83
84 85 86
87 88 89
90 91 92
93 94 95
96 97 98
99 100 101
102 103 104
105 106 107
108 109 110
111 112 113
114 115 116
117 118 119
120 121 122
123 124 125
126 127 128
129 130 131
132 133 134
135 136 137
138 139 140
141 142 143
144 145 146
147 148 149
150 151 152
153 154 155
156 157 158
159 160 161
162 163 164
165 166 167
168 169 170
171 172 173
174 175 176
177 178 179
180 181 182
183 184 185
186 187 188
189 190 191
192 193 194
195 196 197
198 199 200
201 202 203
204 205 206
207 208 209
210 211 212
213 214 215
216 217 218
219 220 221
219 221 222
223 224 225
226 227 228
226 228 229
230 231 232
233 234 235
233 235 236
237 238 239
240 241 242
240 242 243
244 245 246
247 248 249
250 251 252
253 254 255
256 257 258
259 260 261
262 263 264
265 266 267
268 269 270
271 272 273
274 275 276
277 278 279
280 281 282
283 284 285
286 287 288
289 290 291
292 293 294
295 296 297
295 297 298
299 300 301
302 303 304
305 306 307
308 309 310
311 312 313
314 315 316
317 318 319
320 321 322
323 324 325
326 327 328
329 330 331
332 333 334
335 336 337
338 339 340
341 342 343
344 345 346
347 348 349
350 351 352
353 354 355
356 357 358
359 360 361
362 363 364
365 366 367
368 369 370
371 372 373
374 375 376
377 378 379
380 381 382
383 384 385
386 387 388
389 390 391
392 393 394
395 396 397
398 399 400
401 402 403
404 405 406
407 408 409
410 411 412
413 414 415
416 417 418
419 420 421
422 423 424
425 426 427
428 429 430
431 432 433
434 435 436
437 438 439
440 441 442
443 444 445
446 447 448
449 450 451
452 453 454
455 456 457
458 459 460
461 462 463
464 465 466
467 468 469
470 471 472
473 474 475
476 477 478
479 480 481
482 483 484
485 486 487
488 489 490
491 492 493
494 495 496
497 498 499
500 501 502
503 504 505
506 507 508
509 510 511
512 513 514
515 516 517
518 519 520
521 522 523
524 525 526
524 526 527
528 529 530
531 532 533
531 533 534
535 536 537
538 539 540
538 540 541
542 543 544
545 546 547
545 547 548
549 550 551
552 553 554
555 556 557
558 559 560
561 562 563
564 565 566
567 568 569
570 571 572
573 574 575
576 577 578
579 580 581
582 583 584
585 586 587
588 589 590
591 592 593
594 595 596
597 598 599
600 601 602
600 602 603
604 605 606
607 608 609

dirt
88
-1.41421 2.51421 2.00000
-1.66294 2.21114 2.00000
-1.66294 2.21114 -2.00000
-1.41422 2.51421 -2.00000
-1.66294 2.21114 2.00000
-1.84776 1.86537 2.00000
-1.84776 1.86536 -2.00000
-1.66294 2.21114 -2.00000
-1.84776 1.86537 2.00000
-1.96157 1.49018 2.00000
-1.96157 1.49018 -2.00000
-1.84776 1.86536 -2.00000
-1.96157 1.49018 2.00000
-2.00000 1.10000 2.00000
-2.00000 1.10000 -2.00000
-1.96157 1.49018 -2.00000
-2.00000 1.10000 2.00000
-1.96157 0.70982 2.00000
-1.96157 0.70982 -2.00000
-2.00000 1.10000 -2.00000
-1.96157 0.70982 2.00000
-1.84776 0.33463 2.00000
-1.84776 0.33463 -2.00000
-1.96157 0.70982 -2.00000
-1.84776 0.33463 2.00000
-1.66294 -0.01114 2.00000
-1.66294 -0.01114 -2.00000
-1.84776 0.33463 -2.00000
1.66294 -0.01114 2.00000
1.84776 0.33463 2.00000
1.84776 0.33463 -2.00000
1.66294 -0.01114 -2.00000
1.84776 0.33463 2.00000
1.96157 0.70982 2.00000
1.96157 0.70981 -2.00000
1.84776 0.33463 -2.00000
1.96157 0.70982 2.00000
2.00000 1.10000 2.00000
2.00000 1.09999 -2.00000
1.96157 0.70981 -2.00000
2.00000 1.10000 2.00000
1.96157 1.49018 2.00000
1.96157 1.49017 -2.00000
2.00000 1.09999 -2.00000
1.96157 1.49018 2.00000
1.84776 1.86537 2.00000
1.84776 1.86536 -2.00000
1.96157 1.49017 -2.00000
1.84776 1.86537 2.00000
1.66294 2.21114 2.00000
1.66294 2.21113 -2.00000
1.84776 1.86536 -2.00000
1.66294 2.21114 2.00000
1.41421 2.51422 2.00000
1.41422 2.51421 -2.00000
1.66294 2.21113 -2.00000
1.41421 2.51422 2.00000
1.11114 2.76294 2.00000
1.11115 2.76293 -2.00000
1.41422 2.51421 -2.00000
1.11114 2.76294 2.00000
0.76536 2.94776 2.00000
0.76538 2.94775 -2.00000
1.11115 2.76293 -2.00000
0.76536 2.94776 2.00000
0.39018 3.06157 2.00000
0.39019 3.06157 -2.00000
0.76538 2.94775 -2.00000
0.39018 3.06157 2.00000
-0.00000 3.10000 2.00000
0.00001 3.10000 -2.00000
0.39019 3.06157 -2.00000
-0.00000 3.10000 2.00000
-0.39018 3.06157 2.00000
-0.39017 3.06157 -2.00000
0.00001 3.10000 -2.00000
-0.39018 3.06157 2.00000
-0.76537 2.94776 2.00000
-0.76535 2.94777 -2.00000
-0.39017 3.06157 -2.00000
-0.76537 2.94776 2.00000
-1.11114 2.76294 2.00000
-1.11113 2.76295 -2.00000
-0.76535 2.94777 -2.00000
-1.11114 2.76294 2.00000
-1.41421 2.51421 2.00000
-1.41422 2.51421 -2.00000
-1.11113 2.76295 -2.00000

0.77301 -0.63439 -0.00000
0.77301 -0.63439 -0.00000
0.77301 -0.63439 -0.00000
0.77301 -0.63439 -0.00000
0.88192 -0.47140 -0.00000
0.88192 -0.47140 -0.00000
0.88192 -0.47140 -0.00000
0.88192 -0.47140 -0.00000
0.95694 -0.29028 0.00000
0.95694 -0.29028 0.00000
0.95694 -0.29028 0.00000
0.95694 -0.29028 0.00000
0.99518 -0.09802 0.00000
0.99518 -0.09802 0.00000
0.99518 -0.09802 0.00000
0.99518 -0.09802 0.00000
0.99518 0.09802 0.00000
0.99518 0.09802 0.00000
0.99518 0.09802 0.00000
0.99518 0.09802 0.00000
0.95694 0.29029 0.00000
0.95694 0.29029 0.00000
0.95694 0.29029 0.00000
0.95694 0.29029 0.00000
0.88192 0.47140 0.00000
0.88192 0.47140 0.00000
0.88192 0.47140 0.00000
0.88192 0.47140 0.00000
-0.88192 0.47140 0.00000
-0.88192 0.47140 0.00000
-0.88192 0.47140 0.00000
-0.88192 0.47140 0.00000
-0.95694 0.29029 0.00000
-0.95694 0.29029 0.00000
-0.95694 0.29029 0.00000
-0.95694 0.29029 0.00000
-0.99518 0.09802 -0.00000
-0.99518 0.09802 -0.00000
-0.99518 0.09802 -0.00000
-0.99518 0.09802 -0.00000
-0.99518 -0.09802 -0.00000
-0.99518 -0.09802 -0.00000
-0.99518 -0.09802 -0.00000
-0.99518 -0.09802 -0.00000
-0.95694 -0.29028 -0.00000
-0.95694 -0.29028 -0.00000
-0.95694 -0.29028 -0.00000
-0.95694 -0.29028 -0.00000
-0.88192 -0.47140 -0.00000
-0.88192 -0.47140 -0.00000
-0.88192 -0.47140 -0.00000
-0.88192 -0.47140 -0.00000
-0.77301 -0.63439 -0.00000
-0.77301 -0.63439 -0.00000
-0.77301 -0.63439 -0.00000
-0.77301 -0.63439 -0.00000
-0.63439 -0.77301 -0.00000
-0.63439 -0.77301 -0.00000
-0.63439 -0.77301 -0.00000
-0.63439 -0.77301 -0.00000
-0.47140 -0.88192 -0.00000
-0.47140 -0.88192 -0.00000
-0.47140 -0.88192 -0.00000
-0.47140 -0.88192 -0.00000
-0.29029 -0.95694 -0.00000
-0.29029 -0.95694 -0.00000
-0.29029 -0.95694 -0.00000
-0.29029 -0.95694 -0.00000
-0.09802 -0.99518 -0.00000
-0.09802 -0.99518 -0.00000
-0.09802 -0.99518 -0.00000
-0.09802 -0.99518 -0.00000
0.09801 -0.99518 -0.00000
0.09801 -0.99518 -0.00000
0.09801 -0.99518 -0.00000
0.09801 -0.99518 -0.00000
0.29028 -0.95694 -0.00000
0.29028 -0.95694 -0.00000
0.29028 -0.95694 -0.00000
0.29028 -0.95694 -0.00000
0.47139 -0.88192 -0.00000
0.47139 -0.88192 -0.00000
0.47139 -0.88192 -0.00000
0.47139 -0.88192 -0.00000
0.63439 -0.77301 0.00000
0.63439 -0.77301 0.00000
0.63439 -0.77301 0.00000
0.63439 -0.77301 0.00000

-0.20000 1.08211
-0.20000 0.93057
1.80000 0.93057
1.80000 1.08211
-0.20000 0.93057
-0.20000 0.75768
1.80000 0.75768
1.80000 0.93057
-0.20000 0.75768
-0.20000 0.57009
1.80000 0.57009
1.80000 0.75768
-0.20000 0.57009
-0.20000 0.37500
1.80000 0.37500
1.80000 0.57009
-0.20000 0.37500
-0.20000 0.17991
1.80000 0.17991
1.80000 0.37500
-0.20000 0.17991
-0.20000 -0.00768
1.80000 -0.00768
1.80000 0.17991
-0.20000 -0.00768
-0.20000 -0.18057
1.80000 -0.18057
1.80000 -0.00768
-0.20000 -0.18057
-0.20000 -0.00768
1.80000 -0.00769
1.80000 -0.18057
-0.20000 -0.00768
-0.20000 0.17991
1.80000 0.17991
1.80000 -0.00769
-0.20000 0.17991
-0.20000 0.37500
1.80000 0.37500
1.80000 0.17991
-0.20000 0.37500
-0.20000 0.57009
1.80000 0.57009
1.80000 0.37500
-0.20000 0.57009
-0.20000 0.75769
1.80000 0.75768
1.80000 0.57009
-0.20000 0.75769
-0.20000 0.93057
1.80000 0.93057
1.80000 0.75768
-0.20000 0.93057
-0.20000 1.08211
1.80000 1.08210
1.80000 0.93057
-0.20000 -0.20711
-0.20000 -0.05557
1.80000 -0.05557
1.80000 -0.20711
-0.20000 -0.05557
-0.20000 0.11732
1.80000 0.11731
1.80000 -0.05557
-0.20000 0.11732
-0.20000 0.30491
1.80000 0.30490
1.80000 0.11731
-0.20000 0.30491
-0.20000 0.50000
1.80000 0.49999
1.80000 0.30490
-0.20000 0.50000
-0.20000 0.69509
1.80000 0.69508
1.80000 0.49999
-0.20000 0.69509
-0.20000 0.88269
1.80000 0.88268
1.80000 0.69508
-0.20000 0.88269
-0.20000 1.05557
1.80000 1.05556
1.80000 0.88268
-0.20000 1.05557
-0.20000 1.20711
1.80000 1.20711
1.80000 1.05556

44
0 1 2
0 2 3
4 5 6
4 6 7
8 9 10
8 10 11
12 13 14
12 14 15
16 17 18
16 18 19
20 21 22
20 22 23
24 25 26
24 26 27
28 29 30
28 30 31
32 33 34
32 34 35
36 37 38
36 38 39
40 41 42
40 42 43
44 45 46
44 46 47
48 49 50
48 50 51
52 53 54
52 54 55
56 57 58
56 58 59
60 61 62
60 62 63
64 65 66
64 66 67
68 69 70
68 70 71
72 73 74
72 74 75
76 77 78
76 78 79
80 81 82
80 82 83
84 85 86
84 86 87

brick
4
-1.66294 -0.01114 2.00000
1.66294 -0.01114 2.00000
1.66294 -0.01114 -2.00000
-1.66294 -0.01114 -2.00000

0.00000 1.00000 -0.00000
0.00000 1.00000 -0.00000
0.00000 1.00000 -0.00000
0.00000 1.00000 -0.00000

-0.20000 1.33147
-0.20000 -0.33147
1.80000 -0.33147
1.80000 1.33147

2
0 1 2
0 2 3

