3
dirt
320
-0.00000 -1.00000 5.00000
-2.12132 -1.00000 7.12132
-2.49441 -1.00000 6.66671
-0.00000 10.00000 5.00000
-2.49441 10.00000 6.66671
-2.12132 10.00000 7.12132
-0.00000 -1.00000 5.00000
-2.49441 -1.00000 6.66671
-2.77164 -1.00000 6.14805
-0.00000 10.00000 5.00000
-2.77164 10.00000 6.14804
-2.49441 10.00000 6.66671
-0.00000 -1.00000 5.00000
-2.77164 -1.00000 6.14805
-2.94236 -1.00000 5.58527
-0.00000 10.00000 5.00000
-2.94236 10.00000 5.58526
-2.77164 10.00000 6.14804
-0.00000 -1.00000 5.00000
-2.94236 -1.00000 5.58527
-3.00000 -1.00000 5.00000
-0.00000 10.00000 5.00000
-3.00000 10.00000 4.99999
-2.94236 10.00000 5.58526
-0.00000 -1.00000 5.00000
-3.00000 -1.00000 5.00000
-2.94236 -1.00000 4.41473
-0.00000 10.00000 5.00000
-2.94235 10.00000 4.41472
-3.00000 10.00000 4.99999
-0.00000 -1.00000 5.00000
-2.94236 -1.00000 4.41473
-2.77164 -1.00000 3.85195
-0.00000 10.00000 5.00000
-2.77164 10.00000 3.85194
-2.94235 10.00000 4.41472
-0.00000 -1.00000 5.00000
-2.77164 -1.00000 3.85195
-2.49441 -1.00000 3.33329
-0.00000 10.00000 5.00000
-2.49441 10.00000 3.33329
-2.77164 10.00000 3.85194
-0.00000 -1.00000 5.00000
-2.49441 -1.00000 3.33329
-2.12132 -1.00000 2.87868
-0.00000 10.00000 5.00000
-2.12132 10.00000 2.87868
-2.49441 10.00000 3.33329
-0.00000 -1.00000 5.00000
-2.12132 -1.00000 2.87868
-1.66671 -1.00000 2.50559
-0.00000 10.00000 5.00000
-1.66671 10.00000 2.50559
-2.12132 10.00000 2.87868
-0.00000 -1.00000 5.00000
-1.66671 -1.00000 2.50559
-1.14805 -1.00000 2.22836
-0.00000 10.00000 5.00000
-1.14805 10.00000 2.22836
-1.66671 10.00000 2.50559
-0.00000 -1.00000 5.00000
-1.14805 -1.00000 2.22836
-0.58527 -1.00000 2.05764
-0.00000 10.00000 5.00000
-0.58527 10.00000 2.05764
-1.14805 10.00000 2.22836
-0.00000 -1.00000 5.00000
-0.58527 -1.00000 2.05764
0.00000 -1.00000 2.00000
-0.00000 10.00000 5.00000
-0.00000 10.00000 2.00000
-0.58527 10.00000 2.05764
-0.00000 -1.00000 5.00000
0.00000 -1.00000 2.00000
0.58527 -1.00000 2.05764
-0.00000 10.00000 5.00000
0.58527 10.00000 2.05764
-0.00000 10.00000 2.00000
-0.00000 -1.00000 5.00000
0.58527 -1.00000 2.05764
1.14805 -1.00000 2.22836
-0.00000 10.00000 5.00000
1.14805 10.00000 2.22836
0.58527 10.00000 2.05764
-0.00000 -1.00000 5.00000
1.14805 -1.00000 2.22836
1.66671 -1.00000 2.50559
-0.00000 10.00000 5.00000
1.66671 10.00000 2.50559
1.14805 10.00000 2.22836
-0.00000 -1.00000 5.00000
1.66671 -1.00000 2.50559
2.12132 -1.00000 2.87868
-0.00000 10.00000 5.00000
2.12132 10.00000 2.87868
1.66671 10.00000 2.50559
-0.00000 -1.00000 5.00000
2.12132 -1.00000 2.87868
2.49441 -1.00000 3.33329
-0.00000 10.00000 5.00000
2.49440 10.00000 3.33328
2.12132 10.00000 2.87868
-0.00000 -1.00000 5.00000
2.49441 -1.00000 3.33329
2.77164 -1.00000 3.85195
-0.00000 10.00000 5.00000
2.77164 10.00000 3.85194
2.49440 10.00000 3.33328
-0.00000 -1.00000 5.00000
2.77164 -1.00000 3.85195
2.94236 -1.00000 4.41473
-0.00000 10.00000 5.00000
2.94235 10.00000 4.41472
2.77164 10.00000 3.85194
-0.00000 -1.00000 5.00000
2.94236 -1.00000 4.41473
3.00000 -1.00000 5.00000
-0.00000 10.00000 5.00000
3.00000 10.00000 4.99999
2.94235 10.00000 4.41472
-0.00000 -1.00000 5.00000
3.00000 -1.00000 5.00000
2.94236 -1.00000 5.58527
-0.00000 10.00000 5.00000
2.94236 10.00000 5.58526
3.00000 10.00000 4.99999
-0.00000 -1.00000 5.00000
2.94236 -1.00000 5.58527
2.77164 -1.00000 6.14805
-0.00000 10.00000 5.00000
2.77164 10.00000 6.14804
2.94236 10.00000 5.58526
-0.00000 -1.00000 5.00000
2.77164 -1.00000 6.14805
2.49441 -1.00000 6.66671
-0.00000 10.00000 5.00000
2.49442 10.00000 6.66670
2.77164 10.00000 6.14804
-0.00000 -1.00000 5.00000
2.49441 -1.00000 6.66671
2.12132 -1.00000 7.12132
-0.00000 10.00000 5.00000
2.12133 10.00000 7.12131
2.49442 10.00000 6.66670
-0.00000 -1.00000 5.00000
2.12132 -1.00000 7.12132
1.66671 -1.00000 7.49441
-0.00000 10.00000 5.00000
1.66672 10.00000 7.49440
2.12133 10.00000 7.12131
-0.00000 -1.00000 5.00000
1.66671 -1.00000 7.49441
1.14805 -1.00000 7.77164
-0.00000 10.00000 5.00000
1.14807 10.00000 7.77163
1.66672 10.00000 7.49440
-0.00000 -1.00000 5.00000
1.14805 -1.00000 7.77164
0.58527 -1.00000 7.94236
-0.00000 10.00000 5.00000
0.58529 10.00000 7.94235
1.14807 10.00000 7.77163
-0.00000 -1.00000 5.00000
0.58527 -1.00000 7.94236
-0.00000 -1.00000 8.00000
-0.00000 10.00000 5.00000
0.00002 10.00000 8.00000
0.58529 10.00000 7.94235
-0.00000 -1.00000 5.00000
-0.00000 -1.00000 8.00000
-0.58528 -1.00000 7.94235
-0.00000 10.00000 5.00000
-0.58525 10.00000 7.94236
0.00002 10.00000 8.00000
-0.00000 -1.00000 5.00000
-0.58528 -1.00000 7.94235
-1.14806 -1.00000 7.77164
-0.00000 10.00000 5.00000
-1.14803 10.00000 7.77165
-0.58525 10.00000 7.94236
-0.00000 -1.00000 5.00000
-1.14806 -1.00000 7.77164
-1.66672 -1.00000 7.49441
-0.00000 10.00000 5.00000
-1.66669 10.00000 7.49442
-1.14803 10.00000 7.77165
-1.66672 -1.00000 7.49441
-2.12132 -1.00000 7.12132
-0.00000 -1.00000 5.00000
-0.00000 10.00000 5.00000
-2.12132 10.00000 7.12132
-1.66669 10.00000 7.49442
-2.12132 -1.00000 7.12132
-2.12132 10.00000 7.12132
-2.49441 10.00000 6.66671
-2.49441 -1.00000 6.66671
-2.49441 -1.00000 6.66671
-2.49441 10.00000 6.66671
-2.77164 10.00000 6.14804
-2.77164 -1.00000 6.14805
-2.77164 -1.00000 6.14805
-2.77164 10.00000 6.14804
-2.94236 10.00000 5.58526
-2.94236 -1.00000 5.58527
-2.94236 -1.00000 5.58527
-2.94236 10.00000 5.58526
-3.00000 10.00000 4.99999
-3.00000 -1.00000 5.00000
-3.00000 -1.00000 5.00000
-3.00000 10.00000 4.99999
-2.94235 10.00000 4.41472
-2.94236 -1.00000 4.41473
-2.94236 -1.00000 4.41473
-2.94235 10.00000 4.41472
-2.77164 10.00000 3.85194
-2.77164 -1.00000 3.85195
-2.77164 -1.00000 3.85195
-2.77164 10.00000 3.85194
-2.49441 10.00000 3.33329
-2.49441 -1.00000 3.33329
-2.49441 -1.00000 3.33329
-2.49441 10.00000 3.33329
-2.12132 10.00000 2.87868
-2.12132 -1.00000 2.87868
-2.12132 -1.00000 2.87868
-2.12132 10.00000 2.87868
-1.66671 10.00000 2.50559
-1.66671 -1.00000 2.50559
-1.66671 -1.00000 2.50559
-1.66671 10.00000 2.50559
-1.14805 10.00000 2.22836
-1.14805 -1.00000 2.22836
-1.14805 -1.00000 2.22836
-1.14805 10.00000 2.22836
-0.58527 10.00000 2.05764
-0.58527 -1.00000 2.05764
-0.58527 -1.00000 2.05764
-0.58527 10.00000 2.05764
-0.00000 10.00000 2.00000
0.00000 -1.00000 2.00000
0.00000 -1.00000 2.00000
-0.00000 10.00000 2.00000
0.58527 10.00000 2.05764
0.58527 -1.00000 2.05764
0.58527 -1.00000 2.05764
0.58527 10.00000 2.05764
1.14805 10.00000 2.22836
1.14805 -1.00000 2.22836
1.14805 -1.00000 2.22836
1.14805 10.00000 2.22836
1.66671 10.00000 2.50559
1.66671 -1.00000 2.50559
1.66671 -1.00000 2.50559
1.66671 10.00000 2.50559
2.12132 10.00000 2.87868
2.12132 -1.00000 2.87868
2.12132 -1.00000 2.87868
2.12132 10.00000 2.87868
2.49440 10.00000 3.33328
2.49441 -1.00000 3.33329
2.49441 -1.00000 3.33329
2.49440 10.00000 3.33328
2.77164 10.00000 3.85194
2.77164 -1.00000 3.85195
2.77164 -1.00000 3.85195
2.77164 10.00000 3.85194
2.94235 10.00000 4.41472
2.94236 -1.00000 4.41473
2.94236 -1.00000 4.41473
2.94235 10.00000 4.41472
3.00000 10.00000 4.99999
3.00000 -1.00000 5.00000
3.00000 -1.00000 5.00000
3.00000 10.00000 4.99999
2.94236 10.00000 5.58526
2.94236 -1.00000 5.58527
2.94236 -1.00000 5.58527
2.94236 10.00000 5.58526
2.77164 10.00000 6.14804
2.77164 -1.00000 6.14805
2.77164 -1.00000 6.14805
2.77164 10.00000 6.14804
2.49442 10.00000 6.66670
2.49441 -1.00000 6.66671
2.49441 -1.00000 6.66671
2.49442 10.00000 6.66670
2.12133 10.00000 7.12131
2.12132 -1.00000 7.12132
2.12132 -1.00000 7.12132
2.12133 10.00000 7.12131
1.66672 10.00000 7.49440
1.66671 -1.00000 7.49441
1.66671 -1.00000 7.49441
1.66672 10.00000 7.49440
1.14807 10.00000 7.77163
1.14805 -1.00000 7.77164
1.14805 -1.00000 7.77164
1.14807 10.00000 7.77163
0.58529 10.00000 7.94235
0.58527 -1.00000 7.94236
0.58527 -1.00000 7.94236
0.58529 10.00000 7.94235
0.00002 10.00000 8.00000
-0.00000 -1.00000 8.00000
-0.00000 -1.00000 8.00000
0.00002 10.00000 8.00000
-0.58525 10.00000 7.94236
-0.58528 -1.00000 7.94235
-0.58528 -1.00000 7.94235
-0.58525 10.00000 7.94236
-1.14803 10.00000 7.77165
-1.14806 -1.00000 7.77164
-1.14806 -1.00000 7.77164
-1.14803 10.00000 7.77165
-1.66669 10.00000 7.49442
-1.66672 -1.00000 7.49441
-2.12132 10.00000 7.12132
-2.12132 -1.00000 7.12132
-1.66672 -1.00000 7.49441
-1.66669 10.00000 7.49442

-0.00000 -1.00000 0.00000
-0.00000 -1.00000 0.00000
-0.00000 -1.00000 0.00000
-0.00000 1.00000 0.00000
-0.00000 1.00000 0.00000
-0.00000 1.00000 0.00000
-0.00000 -1.00000 0.00000
-0.00000 -1.00000 0.00000
-0.00000 -1.00000 0.00000
-0.00000 1.00000 0.00000
-0.00000 1.00000 0.00000
-0.00000 1.00000 0.00000
-0.00000 -1.00000 0.00000
-0.00000 -1.00000 0.00000
-0.00000 -1.00000 0.00000
-0.00000 1.00000 0.00000
-0.00000 1.00000 0.00000
-0.00000 1.00000 0.00000
-0.00000 -1.00000 0.00000
-0.00000 -1.00000 0.00000
-0.00000 -1.00000 0.00000
-0.00000 1.00000 0.00000
-0.00000 1.00000 0.00000
-0.00000 1.00000 0.00000
-0.00000 -1.00000 0.00000
-0.00000 -1.00000 0.00000
-0.00000 -1.00000 0.00000
-0.00000 1.00000 0.00000
-0.00000 1.00000 0.00000
-0.00000 1.00000 0.00000
-0.00000 -1.00000 0.00000
-0.00000 -1.00000 0.00000
-0.00000 -1.00000 0.00000
-0.00000 1.00000 0.00000
-0.00000 1.00000 0.00000
-0.00000 1.00000 0.00000
-0.00000 -1.00000 0.00000
-0.00000 -1.00000 0.00000
-0.00000 -1.00000 0.00000
-0.00000 1.00000 0.00000
-0.00000 1.00000 0.00000
-0.00000 1.00000 0.00000
-0.00000 -1.00000 0.00000
-0.00000 -1.00000 0.00000
-0.00000 -1.00000 0.00000
-0.00000 1.00000 0.00000
-0.00000 1.00000 0.00000
-0.00000 1.00000 0.00000
-0.00000 -1.00000 0.00000
-0.00000 -1.00000 0.00000
-0.00000 -1.00000 0.00000
-0.00000 1.00000 0.00000
-0.00000 1.00000 0.00000
-0.00000 1.00000 0.00000
-0.00000 -1.00000 0.00000
-0.00000 -1.00000 0.00000
-0.00000 -1.00000 0.00000
-0.00000 1.00000 0.00000
-0.00000 1.00000 0.00000
-0.00000 1.00000 0.00000
-0.00000 -1.00000 0.00000
-0.00000 -1.00000 0.00000
-0.00000 -1.00000 0.00000
-0.00000 1.00000 0.00000
-0.00000 1.00000 0.00000
-0.00000 1.00000 0.00000
-0.00000 -1.00000 0.00000
-0.00000 -1.00000 0.00000
-0.00000 -1.00000 0.00000
-0.00000 1.00000 0.00000
-0.00000 1.00000 0.00000
-0.00000 1.00000 0.00000
-0.00000 -1.00000 0.00000
-0.00000 -1.00000 0.00000
-0.00000 -1.00000 0.00000
-0.00000 1.00000 0.00000
-0.00000 1.00000 0.00000
-0.00000 1.00000 0.00000
-0.00000 -1.00000 0.00000
-0.00000 -1.00000 0.00000
-0.00000 -1.00000 0.00000
-0.00000 1.00000 0.00000
-0.00000 1.00000 0.00000
-0.00000 1.00000 0.00000
-0.00000 -1.00000 0.00000
-0.00000 -1.00000 0.00000
-0.00000 -1.00000 0.00000
-0.00000 1.00000 0.00000
-0.00000 1.00000 0.00000
-0.00000 1.00000 0.00000
-0.00000 -1.00000 0.00000
-0.00000 -1.00000 0.00000
-0.00000 -1.00000 0.00000
-0.00000 1.00000 0.00000
-0.00000 1.00000 0.00000
-0.00000 1.00000 0.00000
-0.00000 -1.00000 0.00000
-0.00000 -1.00000 0.00000
-0.00000 -1.00000 0.00000
-0.00000 1.00000 0.00000
-0.00000 1.00000 0.00000
-0.00000 1.00000 0.00000
-0.00000 -1.00000 0.00000
-0.00000 -1.00000 0.00000
-0.00000 -1.00000 0.00000
-0.00000 1.00000 0.00000
-0.00000 1.00000 0.00000
-0.00000 1.00000 0.00000
-0.00000 -1.00000 0.00000
-0.00000 -1.00000 0.00000
-0.00000 -1.00000 0.00000
-0.00000 1.00000 0.00000
-0.00000 1.00000 0.00000
-0.00000 1.00000 0.00000
-0.00000 -1.00000 0.00000
-0.00000 -1.00000 0.00000
-0.00000 -1.00000 0.00000
-0.00000 1.00000 0.00000
-0.00000 1.00000 0.00000
-0.00000 1.00000 0.00000
-0.00000 -1.00000 0.00000
-0.00000 -1.00000 0.00000
-0.00000 -1.00000 0.00000
-0.00000 1.00000 0.00000
-0.00000 1.00000 0.00000
-0.00000 1.00000 0.00000
-0.00000 -1.00000 0.00000
-0.00000 -1.00000 0.00000
-0.00000 -1.00000 0.00000
-0.00000 1.00000 0.00000
-0.00000 1.00000 0.00000
-0.00000 1.00000 0.00000
-0.00000 -1.00000 0.00000
-0.00000 -1.00000 0.00000
-0.00000 -1.00000 0.00000
-0.00000 1.00000 0.00000
-0.00000 1.00000 0.00000
-0.00000 1.00000 0.00000
-0.00000 -1.00000 0.00000
-0.00000 -1.00000 0.00000
-0.00000 -1.00000 0.00000
-0.00000 1.00000 0.00000
-0.00000 1.00000 0.00000
-0.00000 1.00000 0.00000
-0.00000 -1.00000 0.00000
-0.00000 -1.00000 0.00000
-0.00000 -1.00000 0.00000
-0.00000 1.00000 0.00000
-0.00000 1.00000 0.00000
-0.00000 1.00000 0.00000
-0.00000 -1.00000 0.00000
-0.00000 -1.00000 0.00000
-0.00000 -1.00000 0.00000
-0.00000 1.00000 0.00000
-0.00000 1.00000 0.00000
-0.00000 1.00000 0.00000
-0.00000 -1.00000 0.00000
-0.00000 -1.00000 0.00000
-0.00000 -1.00000 0.00000
-0.00000 1.00000 0.00000
-0.00000 1.00000 0.00000
-0.00000 1.00000 0.00000
-0.00000 -1.00000 0.00000
-0.00000 -1.00000 0.00000
-0.00000 -1.00000 0.00000
-0.00000 1.00000 0.00000
-0.00000 1.00000 0.00000
-0.00000 1.00000 0.00000
-0.00000 -1.00000 0.00000
-0.00000 -1.00000 0.00000
-0.00000 -1.00000 0.00000
-0.00000 1.00000 0.00000
-0.00000 1.00000 0.00000
-0.00000 1.00000 0.00000
-0.00000 -1.00000 0.00000
-0.00000 -1.00000 0.00000
-0.00000 -1.00000 0.00000
-0.00000 1.00000 0.00000
-0.00000 1.00000 0.00000
-0.00000 1.00000 0.00000
-0.00000 -1.00000 0.00000
-0.00000 -1.00000 0.00000
-0.00000 -1.00000 0.00000
-0.00000 1.00000 0.00000
-0.00000 1.00000 0.00000
-0.00000 1.00000 0.00000
-0.00000 -1.00000 0.00000
-0.00000 -1.00000 0.00000
-0.00000 -1.00000 0.00000
-0.00000 1.00000 0.00000
-0.00000 1.00000 0.00000
-0.00000 1.00000 0.00000
-0.77301 0.00000 0.63439
-0.77301 0.00000 0.63439
-0.77301 0.00000 0.63439
-0.77301 0.00000 0.63439
-0.88192 0.00000 0.47140
-0.88192 0.00000 0.47140
-0.88192 0.00000 0.47140
-0.88192 0.00000 0.47140
-0.95694 0.00000 0.29028
-0.95694 0.00000 0.29028
-0.95694 0.00000 0.29028
-0.95694 0.00000 0.29028
-0.99518 0.00000 0.09802
-0.99518 0.00000 0.09802
-0.99518 0.00000 0.09802
-0.99518 0.00000 0.09802
-0.99518 0.00000 -0.09802
-0.99518 0.00000 -0.09802
-0.99518 0.00000 -0.09802
-0.99518 0.00000 -0.09802
-0.95694 -0.00000 -0.29029
-0.95694 -0.00000 -0.29029
-0.95694 -0.00000 -0.29029
-0.95694 -0.00000 -0.29029
-0.88192 -0.00000 -0.47140
-0.88192 -0.00000 -0.47140
-0.88192 -0.00000 -0.47140
-0.88192 -0.00000 -0.47140
-0.77301 -0.00000 -0.63439
-0.77301 -0.00000 -0.63439
-0.77301 -0.00000 -0.63439
-0.77301 -0.00000 -0.63439
-0.63439 -0.00000 -0.77301
-0.63439 -0.00000 -0.77301
-0.63439 -0.00000 -0.77301
-0.63439 -0.00000 -0.77301
-0.47140 -0.00000 -0.88192
-0.47140 -0.00000 -0.88192
-0.47140 -0.00000 -0.88192
-0.47140 -0.00000 -0.88192
-0.29028 -0.00000 -0.95694
-0.29028 -0.00000 -0.95694
-0.29028 -0.00000 -0.95694
-0.29028 -0.00000 -0.95694
-0.09802 -0.00000 -0.99518
-0.09802 -0.00000 -0.99518
-0.09802 -0.00000 -0.99518
-0.09802 -0.00000 -0.99518
0.09802 -0.00000 -0.99518
0.09802 -0.00000 -0.99518
0.09802 -0.00000 -0.99518
0.09802 -0.00000 -0.99518
0.29028 -0.00000 -0.95694
0.29028 -0.00000 -0.95694
0.29028 -0.00000 -0.95694
0.29028 -0.00000 -0.95694
0.47140 0.00000 -0.88192
0.47140 0.00000 -0.88192
0.47140 0.00000 -0.88192
0.47140 0.00000 -0.88192
0.63439 -0.00000 -0.77301
0.63439 -0.00000 -0.77301
0.63439 -0.00000 -0.77301
0.63439 -0.00000 -0.77301
0.77301 -0.00000 -0.63439
0.77301 -0.00000 -0.63439
0.77301 -0.00000 -0.63439
0.77301 -0.00000 -0.63439
0.88192 -0.00000 -0.47140
0.88192 -0.00000 -0.47140
0.88192 -0.00000 -0.47140
0.88192 -0.00000 -0.47140
0.95694 -0.00000 -0.29029
0.95694 -0.00000 -0.29029
0.95694 -0.00000 -0.29029
0.95694 -0.00000 -0.29029
0.99518 -0.00000 -0.09802
0.99518 -0.00000 -0.09802
0.99518 -0.00000 -0.09802
0.99518 -0.00000 -0.09802
0.99518 -0.00000 0.09802
0.99518 -0.00000 0.09802
0.99518 -0.00000 0.09802
0.99518 -0.00000 0.09802
0.95694 -0.00000 0.29028
0.95694 -0.00000 0.29028
0.95694 -0.00000 0.29028
0.95694 -0.00000 0.29028
0.88192 -0.00000 0.47140
0.88192 -0.00000 0.47140
0.88192 -0.00000 0.47140
0.88192 -0.00000 0.47140
0.77301 -0.00000 0.63439
0.77301 -0.00000 0.63439
0.77301 -0.00000 0.63439
0.77301 -0.00000 0.63439
0.63439 0.00000 0.77301
0.63439 0.00000 0.77301
0.63439 0.00000 0.77301
0.63439 0.00000 0.77301
0.47140 -0.00000 0.88192
0.47140 -0.00000 0.88192
0.47140 -0.00000 0.88192
0.47140 -0.00000 0.88192
0.29029 -0.00000 0.95694
0.29029 -0.00000 0.95694
0.29029 -0.00000 0.95694
0.29029 -0.00000 0.95694
0.09802 -0.00000 0.99518
0.09802 -0.00000 0.99518
0.09802 -0.00000 0.99518
0.09802 -0.00000 0.99518
-0.09801 -0.00000 0.99519
-0.09801 -0.00000 0.99519
-0.09801 -0.00000 0.99519
-0.09801 -0.00000 0.99519
-0.29028 -0.00000 0.95694
-0.29028 -0.00000 0.95694
-0.29028 -0.00000 0.95694
-0.29028 -0.00000 0.95694
-0.47139 0.00000 0.88192
-0.47139 0.00000 0.88192
-0.47139 0.00000 0.88192
-0.47139 0.00000 0.88192
-0.63439 0.00000 0.77301
-0.63439 0.00000 0.77301
-0.63439 0.00000 0.77301
-0.63439 0.00000 0.77301

-1.33333 0.69509
0.43443 2.46286
0.05559 2.77377
-1.33333 0.69509
0.05559 2.77377
0.43443 2.46286
-1.33333 0.69509
0.05559 2.77377
-0.37663 3.00479
-1.33333 0.69509
-0.37663 3.00479
0.05559 2.77377
-1.33333 0.69509
-0.37663 3.00479
-0.84561 3.14706
-1.33333 0.69509
-0.84561 3.14706
-0.37663 3.00479
-1.33333 0.69509
-0.84561 3.14706
-1.33333 3.19509
-1.33333 0.69509
-1.33334 3.19509
-0.84561 3.14706
-1.33333 0.69509
-1.33333 3.19509
-1.82106 3.14706
-1.33333 0.69509
-1.82107 3.14705
-1.33334 3.19509
-1.33333 0.69509
-1.82106 3.14706
-2.29004 3.00479
-1.33333 0.69509
-2.29005 3.00479
-1.82107 3.14705
-1.33333 0.69509
-2.29004 3.00479
-2.72226 2.77377
-1.33333 0.69509
-2.72226 2.77376
-2.29005 3.00479
-1.33333 0.69509
-2.72226 2.77377
-3.10110 2.46286
-1.33333 0.69509
-3.10110 2.46286
-2.72226 2.77376
-1.33333 0.69509
-3.10110 2.46286
-3.41201 2.08402
-1.33333 0.69509
-3.41201 2.08402
-3.10110 2.46286
-1.33333 0.69509
-3.41201 2.08402
-3.64303 1.65180
-1.33333 0.69509
-3.64303 1.65180
-3.41201 2.08402
-1.33333 0.69509
-3.64303 1.65180
-3.78530 1.18282
-1.33333 0.69509
-3.78530 1.18282
-3.64303 1.65180
-1.33333 0.69509
-3.78530 1.18282
-3.83333 0.69509
-1.33333 0.69509
-3.83333 0.69509
-3.78530 1.18282
-1.33333 0.69509
-3.83333 0.69509
-3.78530 0.20737
-1.33333 0.69509
-3.78530 0.20737
-3.83333 0.69509
-1.33333 0.69509
-3.78530 0.20737
-3.64303 -0.26162
-1.33333 0.69509
-3.64303 -0.26161
-3.78530 0.20737
-1.33333 0.69509
-3.64303 -0.26162
-3.41201 -0.69384
-1.33333 0.69509
-3.41201 -0.69383
-3.64303 -0.26161
-1.33333 0.69509
-3.41201 -0.69384
-3.10110 -1.07268
-1.33333 0.69509
-3.10110 -1.07267
-3.41201 -0.69383
-1.33333 0.69509
-3.10110 -1.07268
-2.72226 -1.38358
-1.33333 0.69509
-2.72226 -1.38358
-3.10110 -1.07267
-1.33333 0.69509
-2.72226 -1.38358
-2.29004 -1.61461
-1.33333 0.69509
-2.29005 -1.61460
-2.72226 -1.38358
-1.33333 0.69509
-2.29004 -1.61461
-1.82106 -1.75687
-1.33333 0.69509
-1.82107 -1.75687
-2.29005 -1.61460
-1.33333 0.69509
-1.82106 -1.75687
-1.33333 -1.80491
-1.33333 0.69509
-1.33334 -1.80491
-1.82107 -1.75687
-1.33333 0.69509
-1.33333 -1.80491
-0.84561 -1.75687
-1.33333 0.69509
-0.84562 -1.75687
-1.33334 -1.80491
-1.33333 0.69509
-0.84561 -1.75687
-0.37662 -1.61461
-1.33333 0.69509
-0.37663 -1.61461
-0.84562 -1.75687
-1.33333 0.69509
-0.37662 -1.61461
0.05559 -1.38358
-1.33333 0.69509
0.05558 -1.38359
-0.37663 -1.61461
-1.33333 0.69509
0.05559 -1.38358
0.43444 -1.07267
-1.33333 0.69509
0.43442 -1.07268
0.05558 -1.38359
-1.33333 0.69509
0.43444 -1.07267
0.74534 -0.69383
-1.33333 0.69509
0.74533 -0.69385
0.43442 -1.07268
-1.33333 0.69509
0.74534 -0.69383
0.97637 -0.26161
-1.33333 0.69509
0.97636 -0.26163
0.74533 -0.69385
-1.33333 0.69509
0.97637 -0.26161
1.11863 0.20737
-1.33333 0.69509
1.11863 0.20735
0.97636 -0.26163
-1.33333 0.69509
1.11863 0.20737
1.16667 0.69510
-1.33333 0.69509
1.16667 0.69507
1.11863 0.20735
-1.33333 0.69509
1.16667 0.69510
1.11863 1.18282
-1.33333 0.69509
1.11863 1.18280
1.16667 0.69507
-1.33333 0.69509
1.11863 1.18282
0.97636 1.65180
-1.33333 0.69509
0.97637 1.65178
1.11863 1.18280
-1.33333 0.69509
0.97636 1.65180
0.74534 2.08402
-1.33333 0.69509
0.74535 2.08400
0.97637 1.65178
0.74534 2.08402
0.43443 2.46286
-1.33333 0.69509
-1.33333 0.69509
0.43443 2.46286
0.74535 2.08400
1.16667 -0.03714
9.50000 -0.03714
9.50000 -0.41599
1.16667 -0.41598
1.16667 -0.41598
9.50000 -0.41599
9.50000 -0.84820
1.16667 -0.84820
1.16667 -0.84820
9.50000 -0.84820
9.50000 -1.31719
1.16667 -1.31718
1.16667 -1.31718
9.50000 -1.31719
9.50000 -1.80491
1.16667 -1.80491
1.16667 -1.80491
9.50000 -1.80491
9.50000 -2.29264
1.16667 -2.29263
1.16667 2.70737
9.50000 2.70736
9.50000 2.23838
1.16667 2.23838
1.16667 2.23838
9.50000 2.23838
9.50000 1.80616
1.16667 1.80617
1.16667 1.80617
9.50000 1.80616
9.50000 1.42732
1.16667 1.42733
1.16667 2.46286
9.50000 2.46286
9.50000 2.08402
1.16667 2.08402
1.16667 2.08402
9.50000 2.08402
9.50000 1.65180
1.16667 1.65180
1.16667 1.65180
9.50000 1.65180
9.50000 1.18282
1.16667 1.18282
1.16667 1.18282
9.50000 1.18282
9.50000 0.69509
1.16667 0.69509
1.16667 0.69509
9.50000 0.69509
9.50000 0.20737
1.16667 0.20737
1.16667 0.20737
9.50000 0.20737
9.50000 -0.26161
1.16667 -0.26162
1.16667 -0.26162
9.50000 -0.26161
9.50000 -0.69383
1.16667 -0.69384
1.16667 -0.69384
9.50000 -0.69383
9.50000 -1.07267
1.16667 -1.07268
1.16667 1.42733
9.50000 1.42732
9.50000 1.80616
1.16667 1.80617
1.16667 1.80617
9.50000 1.80616
9.50000 2.23838
1.16667 2.23838
1.16667 2.23838
9.50000 2.23838
9.50000 2.70736
1.16667 2.70737
1.16667 2.70737
9.50000 2.70736
9.50000 3.19508
1.16667 3.19509
1.16667 -1.80491
9.50000 -1.80492
9.50000 -1.31719
1.16667 -1.31718
1.16667 -1.31718
9.50000 -1.31719
9.50000 -0.84821
1.16667 -0.84820
1.16667 -0.84820
9.50000 -0.84821
9.50000 -0.41599
1.16667 -0.41598
1.16667 -0.41598
9.50000 -0.41599
9.50000 -0.03715
1.16667 -0.03714
1.16667 -1.07267
9.50000 -1.07268
9.50000 -0.69385
1.16667 -0.69383
1.16667 -0.69383
9.50000 -0.69385
9.50000 -0.26163
1.16667 -0.26161
1.16667 -0.26161
9.50000 -0.26163
9.50000 0.20735
1.16667 0.20737
1.16667 0.20737
9.50000 0.20735
9.50000 0.69507
1.16667 0.69510
1.16667 0.69510
9.50000 0.69507
9.50000 1.18280
1.16667 1.18282
1.16667 1.18282
9.50000 1.18280
9.50000 1.65178
1.16667 1.65180
1.16667 1.65180
9.50000 1.65178
9.50000 2.08400
1.16667 2.08402
-0.50000 2.46286
-8.83333 2.46286
-8.83333 2.08402
-0.50000 2.08400

128
0 1 2
3 4 5
6 7 8
9 10 11
12 13 14
15 16 17
18 19 20
21 22 23
24 25 26
27 28 29
30 31 32
33 34 35
36 37 38
39 40 41
42 43 44
45 46 47
48 49 50
51 52 53
54 55 56
57 58 59
60 61 62
63 64 65
66 67 68
69 70 71
72 73 74
75 76 77
78 79 80
81 82 83
84 85 86
87 88 89
90 91 92
93 94 95
96 97 98
99 100 101
102 103 104
105 106 107
108 109 110
111 112 113
114 115 116
117 118 119
120 121 122
123 124 125
126 127 128
129 130 131
132 133 134
135 136 137
138 139 140
141 142 143
144 145 146
147 148 149
150 151 152
153 154 155
156 157 158
159 160 161
162 163 164
165 166 167
168 169 170
171 172 173
174 175 176
177 178 179
180 181 182
183 184 185
186 187 188
189 190 191
192 193 194
192 194 195
196 197 198
196 198 199
200 201 202
200 202 203
204 205 206
204 206 207
208 209 210
208 210 211
212 213 214
212 214 215
216 217 218
216 218 219
220 221 222
220 222 223
224 225 226
224 226 227
228 229 230
228 230 231
232 233 234
232 234 235
236 237 238
236 238 239
240 241 242
240 242 243
244 245 246
244 246 247
248 249 250
248 250 251
252 253 254
252 254 255
256 257 258
256 258 259
260 261 262
260 262 263
264 265 266
264 266 267
268 269 270
268 270 271
272 273 274
272 274 275
276 277 278
276 278 279
280 281 282
280 282 283
284 285 286
284 286 287
288 289 290
288 290 291
292 293 294
292 294 295
296 297 298
296 298 299
300 301 302
300 302 303
304 305 306
304 306 307
308 309 310
308 310 311
312 313 314
312 314 315
316 317 318
316 318 319

wood
664
-1.27279 2.37279 -14.80000
-1.41421 2.51421 -14.80000
-1.27279 2.37279 -14.80000
-1.76541 1.45116 -14.80000
-1.96157 1.49018 -14.80000
-1.76541 1.45116 -14.80000
-1.66298 1.78883 -15.00000
-1.84776 1.86536 -15.00000
-1.66298 1.78883 -15.00000
-1.66298 0.41117 -14.80000
-1.84776 0.33463 -14.80000
-1.66298 0.41117 -14.80000
-1.96157 0.70982 -15.00000
-1.76541 0.74884 -15.00000
-1.76541 0.74883 -15.00000
-1.11113 2.76295 -15.00000
-1.00001 2.59665 -15.00000
-1.00002 2.59665 -15.00000
-1.49665 2.10002 -15.00000
-1.33547 2.29642 -15.00000
-1.49665 2.10003 -15.00000
-1.27279 2.37279 -14.80000
-1.49665 2.10003 -14.80000
-1.27279 2.37279 -15.00000
1.84776 0.33463 -14.80000
1.76541 0.74884 -14.80000
1.66298 0.41117 -14.80000
1.96157 0.70982 -14.80000
1.80000 1.10000 -14.80000
1.76541 0.74884 -14.80000
2.00000 1.10000 -14.80000
1.76541 1.45116 -14.80000
1.80000 1.10000 -14.80000
1.96157 1.49018 -14.80000
1.66298 1.78883 -14.80000
1.76541 1.45116 -14.80000
1.84776 1.86537 -14.80000
1.49665 2.10002 -14.80000
1.66298 1.78883 -14.80000
1.66294 2.21114 -14.80000
1.27279 2.37279 -14.80000
1.49664 2.10003 -14.80000
1.41421 2.51422 -14.80000
1.00003 2.59664 -14.80000
1.27279 2.37279 -14.80000
1.11114 2.76294 -14.80000
0.68883 2.76298 -14.80000
1.00002 2.59665 -14.80000
0.76536 2.94776 -14.80000
0.35117 2.86541 -14.80000
0.68883 2.76298 -14.80000
0.39018 3.06157 -14.80000
0.00000 2.90000 -14.80000
0.35116 2.86541 -14.80000
-0.00000 3.10000 -14.80000
-0.35116 2.86541 -14.80000
-0.00000 2.90000 -14.80000
-0.39018 3.06157 -14.80000
-0.68883 2.76298 -14.80000
-0.35117 2.86541 -14.80000
-0.76537 2.94776 -14.80000
-1.00002 2.59665 -14.80000
-0.68883 2.76298 -14.80000
-1.76541 1.45116 -14.80000
-1.66298 1.78883 -14.80000
-1.96157 1.49018 -14.80000
-1.84776 1.86536 -15.00000
-1.66298 1.78883 -15.00000
-1.76541 1.45116 -15.00000
-1.66298 0.41117 -14.80000
-1.76541 0.74884 -14.80000
-1.84776 0.33463 -14.80000
-1.96157 0.70982 -15.00000
-1.76541 0.74883 -15.00000
-1.66298 0.41117 -15.00000
1.96157 0.70981 -15.00000
1.66298 0.41117 -15.00000
1.76541 0.74883 -15.00000
0.76538 2.94775 -15.00000
1.00003 2.59664 -15.00000
0.68884 2.76298 -15.00000
-1.49665 2.10003 -14.80000
-1.49665 2.10003 -15.00000
-1.33547 2.29642 -15.00000
-1.66298 1.78883 -14.80000
-1.49665 2.10003 -14.80000
-1.84776 1.86537 -14.80000
-1.76541 0.74884 -14.80000
-1.80000 1.10000 -14.80000
-1.96157 0.70982 -14.80000
1.84776 0.33463 -15.00000
1.49664 0.09997 -15.00000
1.66298 0.41117 -15.00000
2.00000 1.09999 -15.00000
1.76541 0.74884 -15.00000
1.80000 1.09999 -15.00000
1.96157 1.49017 -15.00000
1.80000 1.10000 -15.00000
1.76541 1.45116 -15.00000
1.84776 1.86536 -15.00000
1.76541 1.45116 -15.00000
1.66299 1.78882 -15.00000
1.66294 2.21113 -15.00000
1.66298 1.78883 -15.00000
1.49665 2.10002 -15.00000
1.41422 2.51421 -15.00000
1.49665 2.10002 -15.00000
1.27280 2.37279 -15.00000
1.11115 2.76293 -15.00000
1.27279 2.37279 -15.00000
1.00003 2.59664 -15.00000
0.39019 3.06157 -15.00000
0.68883 2.76298 -15.00000
0.35117 2.86541 -15.00000
0.00001 3.10000 -15.00000
0.35117 2.86541 -15.00000
0.00001 2.90000 -15.00000
-0.39017 3.06157 -15.00000
0.00000 2.90000 -15.00000
-0.35115 2.86542 -15.00000
-0.68883 2.76299 -15.00000
-1.00001 2.59665 -15.00000
-1.11113 2.76295 -15.00000
-0.76535 2.94777 -15.00000
-0.35116 2.86541 -15.00000
-0.68882 2.76299 -15.00000
-1.11113 2.76295 -15.00000
-1.00002 2.59665 -15.00000
-1.27279 2.37279 -15.00000
-1.76541 1.45116 -15.00000
-1.80000 1.10000 -15.00000
-1.96157 1.49018 -15.00000
-1.66298 0.41117 -15.00000
-1.49664 0.09997 -15.00000
-1.84776 0.33463 -15.00000
1.49664 0.09997 -14.80000
1.41460 -0.00000 -14.80000
1.47675 -0.00000 -14.80000
-1.49664 0.09997 -14.80000
-1.47675 -0.00000 -14.80000
-1.41460 -0.00000 -14.80000
1.66294 -0.00000 -14.80000
1.66889 -0.00000 -14.80000
1.84776 0.33463 -14.80000
-1.49665 0.09997 -14.80000
-1.66889 -0.00000 -14.80000
-1.64627 -0.00000 -14.80000
-1.49664 0.09997 -15.00000
-1.49664 0.09997 -15.00000
-1.64626 -0.00000 -15.00000
1.49664 0.09997 -15.00000
1.84776 0.33463 -15.00000
1.66889 -0.00000 -15.00000
1.41460 -0.00000 -14.80000
1.49664 0.09997 -14.80000
1.41460 -0.00000 -14.87330
-1.49664 0.09997 -15.00000
-1.41460 -0.00000 -14.80000
-1.41460 -0.00000 -14.92670
-1.41460 -0.00000 -15.00000
-1.49664 0.09997 -15.00000
-1.41460 -0.00000 -14.92670
1.49664 0.09997 -15.00000
1.64626 -0.00000 -15.00000
1.41460 -0.00000 -15.00000
-1.47675 -0.00000 -14.80000
-1.66889 -0.00000 -14.80000
-1.41460 -0.00000 -14.80000
-1.47675 -0.00000 -14.80000
-1.64627 -0.00000 -14.80000
-1.66889 -0.00000 -14.80000
1.49664 0.09997 -14.80000
1.41460 -0.00000 -15.00000
1.41460 -0.00000 -14.87330
1.41460 -0.00000 -14.87330
1.41460 -0.00000 -15.00000
1.41460 -0.00000 -14.80000
-1.41460 -0.00000 -15.00000
-1.64626 -0.00000 -15.00000
-1.49664 0.09997 -15.00000
-1.41421 2.51421 -14.80000
-1.41422 2.51421 -15.00000
-1.66294 2.21114 -15.00000
-1.66294 2.21114 -14.80000
-1.66294 2.21114 -14.80000
-1.66294 2.21114 -15.00000
-1.84776 1.86536 -15.00000
-1.84776 1.86537 -14.80000
-1.84776 1.86537 -14.80000
-1.84776 1.86536 -15.00000
-1.96157 1.49018 -15.00000
-1.96157 1.49018 -14.80000
-1.96157 1.49018 -14.80000
-1.96157 1.49018 -15.00000
-2.00000 1.10000 -15.00000
-2.00000 1.10000 -14.80000
-2.00000 1.10000 -14.80000
-2.00000 1.10000 -15.00000
-1.96157 0.70982 -15.00000
-1.96157 0.70982 -14.80000
-1.96157 0.70982 -14.80000
-1.96157 0.70982 -15.00000
-1.84776 0.33463 -15.00000
-1.84776 0.33463 -14.80000
1.84776 0.33463 -14.80000
1.84776 0.33463 -15.00000
1.96157 0.70981 -15.00000
1.96157 0.70982 -14.80000
1.96157 0.70982 -14.80000
1.96157 0.70981 -15.00000
2.00000 1.09999 -15.00000
2.00000 1.10000 -14.80000
2.00000 1.10000 -14.80000
2.00000 1.09999 -15.00000
1.96157 1.49017 -15.00000
1.96157 1.49018 -14.80000
1.96157 1.49018 -14.80000
1.96157 1.49017 -15.00000
1.84776 1.86536 -15.00000
1.84776 1.86537 -14.80000
1.84776 1.86537 -14.80000
1.84776 1.86536 -15.00000
1.66294 2.21113 -15.00000
1.66294 2.21114 -14.80000
1.66294 2.21114 -14.80000
1.66294 2.21113 -15.00000
1.41422 2.51421 -15.00000
1.41421 2.51422 -14.80000
1.41421 2.51422 -14.80000
1.41422 2.51421 -15.00000
1.11115 2.76293 -15.00000
1.11114 2.76294 -14.80000
1.11114 2.76294 -14.80000
1.11115 2.76293 -15.00000
0.76538 2.94775 -15.00000
0.76536 2.94776 -14.80000
0.76536 2.94776 -14.80000
0.76538 2.94775 -15.00000
0.39019 3.06157 -15.00000
0.39018 3.06157 -14.80000
0.39018 3.06157 -14.80000
0.39019 3.06157 -15.00000
0.00001 3.10000 -15.00000
-0.00000 3.10000 -14.80000
-0.00000 3.10000 -14.80000
0.00001 3.10000 -15.00000
-0.39017 3.06157 -15.00000
-0.39018 3.06157 -14.80000
-0.39018 3.06157 -14.80000
-0.39017 3.06157 -15.00000
-0.76535 2.94777 -15.00000
-0.76537 2.94776 -14.80000
-0.76537 2.94776 -14.80000
-0.76535 2.94777 -15.00000
-1.11113 2.76295 -15.00000
-1.11114 2.76294 -14.80000
-1.41422 2.51421 -15.00000
-1.41421 2.51421 -14.80000
-1.11114 2.76294 -14.80000
-1.11113 2.76295 -15.00000
-1.49665 2.10003 -14.80000
-1.66294 2.21114 -14.80000
-1.84776 1.86537 -14.80000
-1.49665 2.10003 -14.80000
-1.66294 2.21114 -15.00000
-1.41422 2.51421 -15.00000
-1.49665 2.10002 -15.00000
-1.49665 2.10002 -15.00000
-1.84776 1.86536 -15.00000
-1.66294 2.21114 -15.00000
-1.49665 2.10002 -15.00000
-1.66298 1.78883 -15.00000
-1.84776 1.86537 -14.80000
-1.96157 1.49018 -14.80000
-1.66298 1.78883 -14.80000
-1.66298 1.78883 -14.80000
-1.80000 1.10000 -14.80000
-2.00000 1.10000 -14.80000
-1.96157 0.70982 -14.80000
-1.80000 1.10000 -14.80000
-2.00000 1.10000 -15.00000
-1.96157 1.49018 -15.00000
-1.80000 1.10000 -15.00000
-1.80000 1.10000 -15.00000
-1.96157 0.70982 -15.00000
-2.00000 1.10000 -15.00000
-1.80000 1.10000 -15.00000
-1.76541 0.74884 -15.00000
-1.96157 0.70982 -14.80000
-1.84776 0.33463 -14.80000
-1.76541 0.74884 -14.80000
-1.76541 0.74884 -14.80000
1.49664 0.09997 -14.80000
1.49664 0.09997 -15.00000
1.49664 0.09997 -15.00000
1.41460 -0.00000 -15.00000
1.84776 0.33463 -15.00000
1.66298 0.41117 -15.00000
1.66298 0.41117 -15.00000
1.96157 0.70981 -15.00000
1.66298 0.41117 -14.80000
1.66298 0.41117 -15.00000
1.66298 0.41117 -15.00000
1.49665 0.09997 -14.80000
1.96157 0.70981 -15.00000
1.76541 0.74883 -15.00000
1.76541 0.74884 -15.00000
2.00000 1.09999 -15.00000
1.76541 0.74884 -14.80000
1.76541 0.74884 -15.00000
1.76541 0.74883 -15.00000
1.66298 0.41117 -15.00000
2.00000 1.09999 -15.00000
1.80000 1.09999 -15.00000
1.80000 1.10000 -15.00000
1.96157 1.49017 -15.00000
1.80000 1.10000 -14.80000
1.80000 1.10000 -15.00000
1.80000 1.09999 -15.00000
1.76541 0.74884 -14.80000
1.96157 1.49017 -15.00000
1.76541 1.45116 -15.00000
1.76541 1.45116 -15.00000
1.84776 1.86536 -15.00000
1.76541 1.45116 -14.80000
1.76541 1.45116 -15.00000
1.76541 1.45116 -15.00000
1.80000 1.10000 -14.80000
1.84776 1.86536 -15.00000
1.66299 1.78882 -15.00000
1.66298 1.78883 -15.00000
1.66294 2.21113 -15.00000
1.66298 1.78883 -14.80000
1.66298 1.78883 -15.00000
1.66299 1.78882 -15.00000
1.76541 1.45116 -14.80000
1.66294 2.21113 -15.00000
1.49665 2.10002 -15.00000
1.49665 2.10002 -15.00000
1.41422 2.51421 -15.00000
1.49665 2.10002 -14.80000
1.49665 2.10002 -15.00000
1.49665 2.10002 -15.00000
1.66298 1.78883 -14.80000
1.41422 2.51421 -15.00000
1.27280 2.37279 -15.00000
1.27279 2.37279 -15.00000
1.11115 2.76293 -15.00000
1.27279 2.37279 -14.80000
1.27279 2.37279 -15.00000
1.27280 2.37279 -15.00000
1.49664 2.10003 -14.80000
1.11115 2.76293 -15.00000
1.00003 2.59664 -15.00000
1.00003 2.59664 -15.00000
0.76538 2.94775 -15.00000
1.00003 2.59664 -14.80000
1.00003 2.59664 -15.00000
1.00003 2.59664 -15.00000
1.27279 2.37279 -14.80000
0.76538 2.94775 -15.00000
0.68884 2.76298 -15.00000
0.68883 2.76298 -15.00000
0.39019 3.06157 -15.00000
0.68883 2.76298 -14.80000
0.68883 2.76298 -15.00000
0.68884 2.76298 -15.00000
1.00003 2.59664 -15.00000
0.39019 3.06157 -15.00000
0.35117 2.86541 -15.00000
0.35117 2.86541 -15.00000
0.00001 3.10000 -15.00000
0.35117 2.86541 -14.80000
0.35117 2.86541 -15.00000
0.35117 2.86541 -15.00000
0.68883 2.76298 -14.80000
0.00001 3.10000 -15.00000
0.00001 2.90000 -15.00000
0.00000 2.90000 -15.00000
-0.39017 3.06157 -15.00000
0.00000 2.90000 -14.80000
0.00000 2.90000 -15.00000
0.00001 2.90000 -15.00000
0.35116 2.86541 -14.80000
-0.39017 3.06157 -15.00000
-0.35115 2.86542 -15.00000
-0.35116 2.86541 -15.00000
-0.76535 2.94777 -15.00000
-0.35116 2.86541 -14.80000
-0.35116 2.86541 -15.00000
-0.35115 2.86542 -15.00000
-0.00000 2.90000 -14.80000
-0.76535 2.94777 -15.00000
-0.68882 2.76299 -15.00000
-0.68883 2.76299 -15.00000
-1.11113 2.76295 -15.00000
-0.68883 2.76298 -14.80000
-0.68883 2.76299 -15.00000
-0.68882 2.76299 -15.00000
-0.35117 2.86541 -14.80000
-1.41422 2.51421 -15.00000
-1.11113 2.76295 -15.00000
-1.27279 2.37279 -15.00000
-1.27279 2.37279 -15.00000
-1.27279 2.37279 -15.00000
-1.33547 2.29642 -15.00000
-1.49665 2.10002 -15.00000
-1.41422 2.51421 -15.00000
-1.96157 1.49018 -15.00000
-1.84776 1.86536 -15.00000
-1.76541 1.45116 -15.00000
-1.76541 1.45116 -15.00000
-1.84776 0.33463 -15.00000
-1.96157 0.70982 -15.00000
-1.66298 0.41117 -15.00000
-1.66298 0.41117 -15.00000
-1.49664 0.09997 -15.00000
-1.49664 0.09997 -15.00000
-1.49664 0.09997 -14.80000
-1.41460 -0.00000 -14.80000
1.66298 0.41117 -14.80000
1.66294 -0.00000 -14.80000
1.84776 0.33463 -14.80000
1.66298 0.41117 -14.80000
1.76541 0.74884 -14.80000
1.84776 0.33463 -14.80000
1.96157 0.70982 -14.80000
1.76541 0.74884 -14.80000
1.80000 1.10000 -14.80000
1.96157 0.70982 -14.80000
2.00000 1.10000 -14.80000
1.80000 1.10000 -14.80000
1.76541 1.45116 -14.80000
2.00000 1.10000 -14.80000
1.96157 1.49018 -14.80000
1.76541 1.45116 -14.80000
1.66298 1.78883 -14.80000
1.96157 1.49018 -14.80000
1.84776 1.86537 -14.80000
1.66298 1.78883 -14.80000
1.49665 2.10002 -14.80000
1.84776 1.86537 -14.80000
1.66294 2.21114 -14.80000
1.49664 2.10003 -14.80000
1.27279 2.37279 -14.80000
1.66294 2.21114 -14.80000
1.41421 2.51422 -14.80000
1.27279 2.37279 -14.80000
1.00003 2.59664 -14.80000
1.41421 2.51422 -14.80000
1.11114 2.76294 -14.80000
1.00002 2.59665 -14.80000
0.68883 2.76298 -14.80000
1.11114 2.76294 -14.80000
0.76536 2.94776 -14.80000
0.68883 2.76298 -14.80000
0.35117 2.86541 -14.80000
0.76536 2.94776 -14.80000
0.39018 3.06157 -14.80000
0.35116 2.86541 -14.80000
0.00000 2.90000 -14.80000
0.39018 3.06157 -14.80000
-0.00000 3.10000 -14.80000
-0.00000 2.90000 -14.80000
-0.35116 2.86541 -14.80000
-0.00000 3.10000 -14.80000
-0.39018 3.06157 -14.80000
-0.35117 2.86541 -14.80000
-0.68883 2.76298 -14.80000
-0.39018 3.06157 -14.80000
-0.76537 2.94776 -14.80000
-0.68883 2.76298 -14.80000
-1.00002 2.59665 -14.80000
-0.76537 2.94776 -14.80000
-1.11114 2.76294 -14.80000
-1.00003 2.59664 -14.80000
-1.27279 2.37279 -14.80000
-1.27279 2.37279 -14.80000
-1.27279 2.37279 -15.00000
-1.00003 2.59664 -14.80000
-1.49665 2.10002 -15.00000
-1.49665 2.10003 -15.00000
-1.49665 2.10003 -14.80000
-1.49665 2.10003 -14.80000
-1.76541 1.45116 -15.00000
-1.66298 1.78883 -14.80000
-1.76541 1.45116 -14.80000
-1.76541 1.45116 -14.80000
-1.49665 2.10002 -15.00000
-1.49665 2.10002 -15.00000
-1.49665 2.10003 -14.80000
-1.66298 1.78883 -14.80000
-1.66298 1.78883 -14.80000
-1.66298 1.78883 -14.80000
-1.66298 1.78883 -15.00000
-1.49665 2.10002 -15.00000
-1.66298 1.78883 -14.80000
-1.76541 1.45116 -15.00000
-1.66298 1.78883 -15.00000
-1.66298 1.78883 -15.00000
-1.66298 0.41117 -15.00000
-1.76541 0.74884 -14.80000
-1.66298 0.41117 -14.80000
-1.66298 0.41117 -14.80000
-1.80000 1.10000 -15.00000
-1.80000 1.10000 -15.00000
-1.80000 1.10000 -14.80000
-1.76541 0.74884 -14.80000
-1.76541 0.74884 -14.80000
-1.76541 0.74884 -14.80000
-1.76541 0.74884 -15.00000
-1.80000 1.10000 -15.00000
-1.76541 0.74884 -14.80000
-1.66298 0.41117 -15.00000
-1.76541 0.74883 -15.00000
-1.76541 0.74884 -15.00000
-1.00002 2.59665 -14.80000
-1.00002 2.59665 -15.00000
-1.00001 2.59665 -15.00000
-0.68883 2.76298 -14.80000
-1.49665 2.10003 -14.80000
-1.27279 2.37279 -14.80000
-1.41421 2.51421 -14.80000
-1.66294 2.21114 -14.80000
-1.49665 2.10003 -14.80000
-1.33547 2.29642 -15.00000
-1.27279 2.37279 -15.00000
-1.27279 2.37279 -15.00000
-1.80000 1.10000 -14.80000
-1.76541 1.45116 -14.80000
-1.96157 1.49018 -14.80000
-2.00000 1.10000 -14.80000
-1.76541 1.45116 -15.00000
-1.76541 1.45116 -14.80000
-1.80000 1.10000 -14.80000
-1.76541 1.45116 -15.00000
-1.49665 0.09997 -14.80000
-1.66298 0.41117 -14.80000
-1.84776 0.33463 -14.80000
-1.66889 -0.00000 -14.80000
-1.66298 0.41117 -15.00000
-1.66298 0.41117 -14.80000
-1.49665 0.09997 -14.80000
-1.66298 0.41117 -15.00000
-1.27279 2.37279 -14.80000
-1.00003 2.59664 -14.80000
-1.11114 2.76294 -14.80000
-1.41421 2.51421 -14.80000
1.49665 0.09997 -14.80000
1.66298 0.41117 -15.00000
1.49664 0.09997 -15.00000
1.49664 0.09997 -14.80000
1.66298 0.41117 -14.80000
1.76541 0.74884 -14.80000
1.66298 0.41117 -15.00000
1.66298 0.41117 -14.80000
1.76541 0.74884 -14.80000
1.80000 1.09999 -15.00000
1.76541 0.74884 -15.00000
1.76541 0.74884 -14.80000
1.80000 1.10000 -14.80000
1.76541 1.45116 -15.00000
1.80000 1.10000 -15.00000
1.80000 1.10000 -14.80000
1.76541 1.45116 -14.80000
1.66299 1.78882 -15.00000
1.76541 1.45116 -15.00000
1.76541 1.45116 -14.80000
1.66298 1.78883 -14.80000
1.49665 2.10002 -15.00000
1.66298 1.78883 -15.00000
1.66298 1.78883 -14.80000
1.49664 2.10003 -14.80000
1.27280 2.37279 -15.00000
1.49665 2.10002 -15.00000
1.49665 2.10002 -14.80000
1.27279 2.37279 -14.80000
1.00003 2.59664 -15.00000
1.27279 2.37279 -15.00000
1.27279 2.37279 -14.80000
1.00002 2.59665 -14.80000
0.68883 2.76298 -14.80000
1.00003 2.59664 -15.00000
1.00003 2.59664 -14.80000
0.68883 2.76298 -14.80000
0.35117 2.86541 -15.00000
0.68883 2.76298 -15.00000
0.68883 2.76298 -14.80000
0.35116 2.86541 -14.80000
0.00001 2.90000 -15.00000
0.35117 2.86541 -15.00000
0.35117 2.86541 -14.80000
-0.00000 2.90000 -14.80000
-0.35115 2.86542 -15.00000
0.00000 2.90000 -15.00000
0.00000 2.90000 -14.80000
-0.35117 2.86541 -14.80000
-0.68882 2.76299 -15.00000
-0.35116 2.86541 -15.00000
-0.35116 2.86541 -14.80000
-0.68883 2.76298 -14.80000
-1.00001 2.59665 -15.00000
-0.68883 2.76299 -15.00000
-0.68883 2.76298 -14.80000
-1.00003 2.59664 -14.80000
-1.27279 2.37279 -15.00000
-1.00002 2.59665 -15.00000
-1.00002 2.59665 -14.80000
-1.80000 1.10000 -15.00000
-1.76541 1.45116 -15.00000
-1.80000 1.10000 -14.80000
-1.80000 1.10000 -14.80000
-1.49664 0.09997 -15.00000
-1.66298 0.41117 -15.00000
-1.49665 0.09997 -14.80000
-1.49664 0.09997 -14.80000
1.49665 0.09997 -14.80000
1.64627 -0.00000 -14.80000
1.66294 -0.00000 -14.80000
1.66298 0.41117 -14.80000
1.49664 0.09997 -14.80000
1.47675 -0.00000 -14.80000
1.64627 -0.00000 -14.80000
1.49665 0.09997 -14.80000
-1.49665 0.09997 -14.80000
-1.64627 -0.00000 -14.80000
-1.47675 -0.00000 -14.80000
-1.49664 0.09997 -14.80000
1.64626 -0.00000 -15.00000
1.49664 0.09997 -15.00000
1.49664 0.09997 -15.00000
1.66889 -0.00000 -15.00000
-1.66889 -0.00000 -15.00000
-1.84776 0.33463 -15.00000
-1.49664 0.09997 -15.00000
-1.64626 -0.00000 -15.00000
1.41460 -0.00000 -14.80000
1.41460 -0.00000 -15.00000
1.64626 -0.00000 -15.00000
1.47675 -0.00000 -14.80000
-1.66889 -0.00000 -15.00000
-1.66889 -0.00000 -14.80000
-1.84776 0.33463 -14.80000
-1.84776 0.33463 -15.00000
-1.66889 -0.00000 -15.00000
-1.64626 -0.00000 -15.00000
-1.41460 -0.00000 -14.80000
-1.66889 -0.00000 -14.80000
1.66889 -0.00000 -14.80000
1.66889 -0.00000 -15.00000
1.84776 0.33463 -15.00000
1.84776 0.33463 -14.80000
-1.41460 -0.00000 -14.80000
-1.64626 -0.00000 -15.00000
-1.41460 -0.00000 -15.00000
-1.41460 -0.00000 -14.92670
1.47675 -0.00000 -14.80000
1.64626 -0.00000 -15.00000
1.66889 -0.00000 -15.00000
1.64627 -0.00000 -14.80000
1.64627 -0.00000 -14.80000
1.66889 -0.00000 -15.00000
1.66889 -0.00000 -14.80000
1.66294 -0.00000 -14.80000

0.00000 -0.00000 1.00000
0.00000 -0.00000 1.00000
0.00000 -0.00000 1.00000
0.00000 -0.00000 1.00000
0.00000 -0.00000 1.00000
0.00000 -0.00000 1.00000
-0.00000 0.00000 -1.00000
-0.00000 0.00000 -1.00000
-0.00000 0.00000 -1.00000
0.00000 -0.00000 1.00000
0.00000 -0.00000 1.00000
0.00000 -0.00000 1.00000
-0.00000 0.00000 -1.00000
-0.00000 0.00000 -1.00000
-0.00000 0.00000 -1.00000
-0.00000 0.00000 -1.00000
-0.00000 0.00000 -1.00000
-0.00000 0.00000 -1.00000
-0.00000 0.00000 -1.00000
-0.00000 0.00000 -1.00000
-0.00000 0.00000 -1.00000
0.77301 -0.63439 -0.00000
0.77301 -0.63439 -0.00000
0.77301 -0.63439 -0.00000
0.00000 -0.00000 1.00000
0.00000 -0.00000 1.00000
0.00000 -0.00000 1.00000
0.00000 -0.00000 1.00000
0.00000 -0.00000 1.00000
0.00000 -0.00000 1.00000
0.00000 -0.00000 1.00000
0.00000 -0.00000 1.00000
0.00000 -0.00000 1.00000
0.00000 -0.00000 1.00000
0.00000 -0.00000 1.00000
0.00000 -0.00000 1.00000
-0.00000 0.00000 1.00000
-0.00000 0.00000 1.00000
-0.00000 0.00000 1.00000
0.00000 -0.00000 1.00000
0.00000 -0.00000 1.00000
0.00000 -0.00000 1.00000
0.00000 -0.00000 1.00000
0.00000 -0.00000 1.00000
0.00000 -0.00000 1.00000
0.00000 0.00000 1.00000
0.00000 0.00000 1.00000
0.00000 0.00000 1.00000
0.00000 -0.00000 1.00000
0.00000 -0.00000 1.00000
0.00000 -0.00000 1.00000
0.00000 -0.00000 1.00000
0.00000 -0.00000 1.00000
0.00000 -0.00000 1.00000
0.00000 -0.00000 1.00000
0.00000 -0.00000 1.00000
0.00000 -0.00000 1.00000
0.00000 -0.00000 1.00000
0.00000 -0.00000 1.00000
0.00000 -0.00000 1.00000
0.00000 0.00000 1.00000
0.00000 0.00000 1.00000
0.00000 0.00000 1.00000
0.00000 -0.00000 1.00000
0.00000 -0.00000 1.00000
0.00000 -0.00000 1.00000
-0.00000 0.00000 -1.00000
-0.00000 0.00000 -1.00000
-0.00000 0.00000 -1.00000
0.00000 -0.00000 1.00000
0.00000 -0.00000 1.00000
0.00000 -0.00000 1.00000
-0.00000 0.00000 -1.00000
-0.00000 0.00000 -1.00000
-0.00000 0.00000 -1.00000
-0.00000 0.00000 -1.00000
-0.00000 0.00000 -1.00000
-0.00000 0.00000 -1.00000
-0.00000 0.00000 -1.00000
-0.00000 0.00000 -1.00000
-0.00000 0.00000 -1.00000
0.77301 -0.63439 0.00000
0.77301 -0.63439 0.00000
0.77301 -0.63439 0.00000
0.00000 0.00000 1.00000
0.00000 0.00000 1.00000
0.00000 0.00000 1.00000
0.00000 -0.00000 1.00000
0.00000 -0.00000 1.00000
0.00000 -0.00000 1.00000
-0.00000 0.00000 -1.00000
-0.00000 0.00000 -1.00000
-0.00000 0.00000 -1.00000
-0.00000 0.00000 -1.00000
-0.00000 0.00000 -1.00000
-0.00000 0.00000 -1.00000
-0.00000 0.00000 -1.00000
-0.00000 0.00000 -1.00000
-0.00000 0.00000 -1.00000
-0.00000 0.00000 -1.00000
-0.00000 0.00000 -1.00000
-0.00000 0.00000 -1.00000
-0.00000 0.00000 -1.00000
-0.00000 0.00000 -1.00000
-0.00000 0.00000 -1.00000
-0.00000 0.00000 -1.00000
-0.00000 0.00000 -1.00000
-0.00000 0.00000 -1.00000
-0.00000 0.00000 -1.00000
-0.00000 0.00000 -1.00000
-0.00000 0.00000 -1.00000
-0.00000 0.00000 -1.00000
-0.00000 0.00000 -1.00000
-0.00000 0.00000 -1.00000
-0.00000 0.00000 -1.00000
-0.00000 0.00000 -1.00000
-0.00000 0.00000 -1.00000
-0.00000 0.00000 -1.00000
-0.00000 0.00000 -1.00000
-0.00000 0.00000 -1.00000
-0.00000 0.00000 -1.00000
-0.00000 0.00000 -1.00000
-0.00000 0.00000 -1.00000
-0.00000 0.00000 -1.00000
-0.00000 0.00000 -1.00000
-0.00000 0.00000 -1.00000
-0.00000 0.00000 -1.00000
-0.00000 0.00000 -1.00000
-0.00000 0.00000 -1.00000
-0.00000 0.00000 -1.00000
-0.00000 0.00000 -1.00000
-0.00000 0.00000 -1.00000
-0.00000 0.00000 -1.00000
-0.00000 0.00000 -1.00000
-0.00000 0.00000 -1.00000
0.00000 -0.00000 1.00000
0.00000 -0.00000 1.00000
0.00000 -0.00000 1.00000
0.00000 -0.00000 1.00000
0.00000 -0.00000 1.00000
0.00000 -0.00000 1.00000
0.00000 -0.00000 1.00000
0.00000 -0.00000 1.00000
0.00000 -0.00000 1.00000
0.00000 -0.00000 1.00000
0.00000 -0.00000 1.00000
0.00000 -0.00000 1.00000
-0.00000 0.00000 -1.00000
-0.00000 0.00000 -1.00000
-0.00000 0.00000 -1.00000
-0.00000 0.00000 -1.00000
-0.00000 0.00000 -1.00000
-0.00000 0.00000 -1.00000
-0.77301 0.63439 0.00000
-0.77301 0.63439 0.00000
-0.77301 0.63439 0.00000
0.77301 0.63439 0.00000
0.77301 0.63439 0.00000
0.77301 0.63439 0.00000
0.77301 0.63439 0.00000
0.77301 0.63439 0.00000
0.77301 0.63439 0.00000
-0.00000 0.00000 -1.00000
-0.00000 0.00000 -1.00000
-0.00000 0.00000 -1.00000
-0.00000 0.00000 0.00000
-0.00000 0.00000 0.00000
-0.00000 0.00000 0.00000
-0.00000 0.00000 0.00000
-0.00000 0.00000 0.00000
-0.00000 0.00000 0.00000
-0.77301 0.63439 0.00000
-0.77301 0.63439 0.00000
-0.77301 0.63439 0.00000
0.00000 -1.00000 -0.00000
0.00000 -1.00000 -0.00000
0.00000 -1.00000 -0.00000
-0.00000 0.00000 -1.00000
-0.00000 0.00000 -1.00000
-0.00000 0.00000 -1.00000
-0.77301 0.63439 0.00000
-0.77301 0.63439 0.00000
-0.77301 0.63439 0.00000
-0.77301 0.63439 0.00000
-0.88192 0.47140 0.00000
-0.88192 0.47140 0.00000
-0.88192 0.47140 0.00000
-0.88192 0.47140 0.00000
-0.95694 0.29028 0.00000
-0.95694 0.29028 0.00000
-0.95694 0.29028 0.00000
-0.95694 0.29028 0.00000
-0.99518 0.09802 -0.00000
-0.99518 0.09802 -0.00000
-0.99518 0.09802 -0.00000
-0.99518 0.09802 -0.00000
-0.99518 -0.09802 -0.00000
-0.99518 -0.09802 -0.00000
-0.99518 -0.09802 -0.00000
-0.99518 -0.09802 -0.00000
-0.95694 -0.29029 -0.00000
-0.95694 -0.29029 -0.00000
-0.95694 -0.29029 -0.00000
-0.95694 -0.29029 -0.00000
0.95694 -0.29029 -0.00000
0.95694 -0.29029 -0.00000
0.95694 -0.29029 -0.00000
0.95694 -0.29029 -0.00000
0.99518 -0.09802 0.00000
0.99518 -0.09802 0.00000
0.99518 -0.09802 0.00000
0.99518 -0.09802 0.00000
0.99518 0.09802 0.00000
0.99518 0.09802 0.00000
0.99518 0.09802 0.00000
0.99518 0.09802 0.00000
0.95694 0.29028 0.00000
0.95694 0.29028 0.00000
0.95694 0.29028 0.00000
0.95694 0.29028 0.00000
0.88192 0.47140 0.00000
0.88192 0.47140 0.00000
0.88192 0.47140 0.00000
0.88192 0.47140 0.00000
0.77301 0.63439 0.00000
0.77301 0.63439 0.00000
0.77301 0.63439 0.00000
0.77301 0.63439 0.00000
0.63439 0.77301 0.00000
0.63439 0.77301 0.00000
0.63439 0.77301 0.00000
0.63439 0.77301 0.00000
0.47140 0.88192 0.00000
0.47140 0.88192 0.00000
0.47140 0.88192 0.00000
0.47140 0.88192 0.00000
0.29029 0.95694 0.00000
0.29029 0.95694 0.00000
0.29029 0.95694 0.00000
0.29029 0.95694 0.00000
0.09802 0.99518 0.00000
0.09802 0.99518 0.00000
0.09802 0.99518 0.00000
0.09802 0.99518 0.00000
-0.09801 0.99519 0.00000
-0.09801 0.99519 0.00000
-0.09801 0.99519 0.00000
-0.09801 0.99519 0.00000
-0.29028 0.95694 0.00000
-0.29028 0.95694 0.00000
-0.29028 0.95694 0.00000
-0.29028 0.95694 0.00000
-0.47139 0.88192 0.00000
-0.47139 0.88192 0.00000
-0.47139 0.88192 0.00000
-0.47139 0.88192 0.00000
-0.63439 0.77301 -0.00000
-0.63439 0.77301 -0.00000
-0.63439 0.77301 -0.00000
-0.63439 0.77301 -0.00000
0.00000 0.00000 1.00000
0.00000 0.00000 1.00000
0.00000 0.00000 1.00000
0.00000 0.00000 1.00000
-0.00000 0.00000 -1.00000
-0.00000 0.00000 -1.00000
-0.00000 0.00000 -1.00000
-0.00000 0.00000 -1.00000
-0.00000 0.00000 -1.00000
-0.00000 0.00000 -1.00000
-0.00000 0.00000 -1.00000
-0.00000 0.00000 -1.00000
0.00000 -0.00000 1.00000
0.00000 -0.00000 1.00000
0.00000 -0.00000 1.00000
0.00000 -0.00000 1.00000
0.00000 -0.00000 1.00000
0.00000 -0.00000 1.00000
0.00000 -0.00000 1.00000
0.00000 -0.00000 1.00000
-0.00000 0.00000 -1.00000
-0.00000 0.00000 -1.00000
-0.00000 0.00000 -1.00000
-0.00000 0.00000 -1.00000
-0.00000 0.00000 -1.00000
-0.00000 0.00000 -1.00000
-0.00000 0.00000 -1.00000
-0.00000 0.00000 -1.00000
0.00000 -0.00000 1.00000
0.00000 -0.00000 1.00000
0.00000 -0.00000 1.00000
0.00000 -0.00000 1.00000
-0.77301 0.63439 0.00000
-0.77301 0.63439 0.00000
-0.77301 0.63439 0.00000
-0.77301 0.63439 0.00000
-0.00000 0.00000 -1.00000
-0.00000 0.00000 -1.00000
-0.00000 0.00000 -1.00000
-0.00000 0.00000 -1.00000
-0.88192 0.47140 -0.00000
-0.88192 0.47140 -0.00000
-0.88192 0.47140 -0.00000
-0.88192 0.47140 -0.00000
-0.00000 0.00000 -1.00000
-0.00000 0.00000 -1.00000
-0.00000 0.00000 -1.00000
-0.00000 0.00000 -1.00000
-0.95694 0.29029 -0.00000
-0.95694 0.29029 -0.00000
-0.95694 0.29029 -0.00000
-0.95694 0.29029 -0.00000
-0.00000 0.00000 -1.00000
-0.00000 0.00000 -1.00000
-0.00000 0.00000 -1.00000
-0.00000 0.00000 -1.00000
-0.99518 0.09802 -0.00000
-0.99518 0.09802 -0.00000
-0.99518 0.09802 -0.00000
-0.99518 0.09802 -0.00000
-0.00000 0.00000 -1.00000
-0.00000 0.00000 -1.00000
-0.00000 0.00000 -1.00000
-0.00000 0.00000 -1.00000
-0.99518 -0.09802 -0.00000
-0.99518 -0.09802 -0.00000
-0.99518 -0.09802 -0.00000
-0.99518 -0.09802 -0.00000
-0.00000 0.00000 -1.00000
-0.00000 0.00000 -1.00000
-0.00000 0.00000 -1.00000
-0.00000 0.00000 -1.00000
-0.95694 -0.29028 -0.00000
-0.95694 -0.29028 -0.00000
-0.95694 -0.29028 -0.00000
-0.95694 -0.29028 -0.00000
-0.00000 0.00000 -1.00000
-0.00000 0.00000 -1.00000
-0.00000 0.00000 -1.00000
-0.00000 0.00000 -1.00000
-0.88192 -0.47140 -0.00000
-0.88192 -0.47140 -0.00000
-0.88192 -0.47140 -0.00000
-0.88192 -0.47140 -0.00000
-0.00000 0.00000 -1.00000
-0.00000 0.00000 -1.00000
-0.00000 0.00000 -1.00000
-0.00000 0.00000 -1.00000
-0.77301 -0.63439 -0.00000
-0.77301 -0.63439 -0.00000
-0.77301 -0.63439 -0.00000
-0.77301 -0.63439 -0.00000
-0.00000 0.00000 -1.00000
-0.00000 0.00000 -1.00000
-0.00000 0.00000 -1.00000
-0.00000 0.00000 -1.00000
-0.63439 -0.77301 -0.00000
-0.63439 -0.77301 -0.00000
-0.63439 -0.77301 -0.00000
-0.63439 -0.77301 -0.00000
-0.00000 0.00000 -1.00000
-0.00000 0.00000 -1.00000
-0.00000 0.00000 -1.00000
-0.00000 0.00000 -1.00000
-0.47140 -0.88192 -0.00000
-0.47140 -0.88192 -0.00000
-0.47140 -0.88192 -0.00000
-0.47140 -0.88192 -0.00000
-0.00000 0.00000 -1.00000
-0.00000 0.00000 -1.00000
-0.00000 0.00000 -1.00000
-0.00000 0.00000 -1.00000
-0.29029 -0.95694 -0.00000
-0.29029 -0.95694 -0.00000
-0.29029 -0.95694 -0.00000
-0.29029 -0.95694 -0.00000
-0.00000 0.00000 -1.00000
-0.00000 0.00000 -1.00000
-0.00000 0.00000 -1.00000
-0.00000 0.00000 -1.00000
-0.09802 -0.99518 -0.00000
-0.09802 -0.99518 -0.00000
-0.09802 -0.99518 -0.00000
-0.09802 -0.99518 -0.00000
-0.00000 0.00000 -1.00000
-0.00000 0.00000 -1.00000
-0.00000 0.00000 -1.00000
-0.00000 0.00000 -1.00000
0.09801 -0.99518 -0.00000
0.09801 -0.99518 -0.00000
0.09801 -0.99518 -0.00000
0.09801 -0.99518 -0.00000
-0.00000 0.00000 -1.00000
-0.00000 0.00000 -1.00000
-0.00000 0.00000 -1.00000
-0.00000 0.00000 -1.00000
0.29028 -0.95694 -0.00000
0.29028 -0.95694 -0.00000
0.29028 -0.95694 -0.00000
0.29028 -0.95694 -0.00000
-0.00000 0.00000 -1.00000
-0.00000 0.00000 -1.00000
-0.00000 0.00000 -1.00000
-0.00000 0.00000 -1.00000
-0.00000 0.00000 -1.00000
-0.00000 0.00000 -1.00000
-0.00000 0.00000 -1.00000
-0.00000 0.00000 -1.00000
-0.00000 0.00000 -1.00000
-0.00000 0.00000 -1.00000
-0.00000 0.00000 -1.00000
-0.00000 0.00000 -1.00000
-0.00000 0.00000 -1.00000
-0.00000 0.00000 -1.00000
-0.00000 0.00000 -1.00000
-0.00000 0.00000 -1.00000
0.77301 0.63439 0.00000
0.77301 0.63439 0.00000
0.77301 0.63439 0.00000
0.77301 0.63439 0.00000
0.00000 -0.00000 1.00000
0.00000 -0.00000 1.00000
0.00000 -0.00000 1.00000
0.00000 -0.00000 1.00000
0.00000 -0.00000 1.00000
0.00000 -0.00000 1.00000
0.00000 -0.00000 1.00000
0.00000 -0.00000 1.00000
0.00000 -0.00000 1.00000
0.00000 -0.00000 1.00000
0.00000 -0.00000 1.00000
0.00000 -0.00000 1.00000
0.00000 -0.00000 1.00000
0.00000 -0.00000 1.00000
0.00000 -0.00000 1.00000
0.00000 -0.00000 1.00000
0.00000 -0.00000 1.00000
0.00000 -0.00000 1.00000
0.00000 -0.00000 1.00000
0.00000 -0.00000 1.00000
-0.00000 0.00000 1.00000
-0.00000 0.00000 1.00000
-0.00000 0.00000 1.00000
-0.00000 0.00000 1.00000
0.00000 -0.00000 1.00000
0.00000 -0.00000 1.00000
0.00000 -0.00000 1.00000
0.00000 -0.00000 1.00000
0.00000 0.00000 1.00000
0.00000 0.00000 1.00000
0.00000 0.00000 1.00000
0.00000 0.00000 1.00000
0.00000 -0.00000 1.00000
0.00000 -0.00000 1.00000
0.00000 -0.00000 1.00000
0.00000 -0.00000 1.00000
0.00000 -0.00000 1.00000
0.00000 -0.00000 1.00000
0.00000 -0.00000 1.00000
0.00000 -0.00000 1.00000
0.00000 -0.00000 1.00000
0.00000 -0.00000 1.00000
0.00000 -0.00000 1.00000
0.00000 -0.00000 1.00000
0.00000 -0.00000 1.00000
0.00000 -0.00000 1.00000
0.00000 -0.00000 1.00000
0.00000 -0.00000 1.00000
0.00000 -0.00000 1.00000
0.00000 -0.00000 1.00000
0.00000 -0.00000 1.00000
0.00000 -0.00000 1.00000
-0.00000 0.00000 1.00000
-0.00000 0.00000 1.00000
-0.00000 0.00000 1.00000
-0.00000 0.00000 1.00000
0.63439 -0.77301 0.00000
0.63439 -0.77301 0.00000
0.63439 -0.77301 0.00000
0.63439 -0.77301 0.00000
0.76822 -0.64018 0.00000
0.76822 -0.64018 0.00000
0.76822 -0.64018 0.00000
0.76822 -0.64018 0.00000
0.95694 -0.29028 0.00000
0.95694 -0.29028 0.00000
0.95694 -0.29028 0.00000
0.95694 -0.29028 0.00000
0.88192 -0.47140 -0.00000
0.88192 -0.47140 -0.00000
0.88192 -0.47140 -0.00000
0.88192 -0.47140 -0.00000
0.88192 -0.47140 -0.00000
0.88192 -0.47140 -0.00000
0.88192 -0.47140 -0.00000
0.88192 -0.47140 -0.00000
0.95694 -0.29028 -0.00000
0.95694 -0.29028 -0.00000
0.95694 -0.29028 -0.00000
0.95694 -0.29028 -0.00000
0.95694 0.29029 0.00000
0.95694 0.29029 0.00000
0.95694 0.29029 0.00000
0.95694 0.29029 0.00000
0.99518 0.09802 -0.00000
0.99518 0.09802 -0.00000
0.99518 0.09802 -0.00000
0.99518 0.09802 -0.00000
0.99518 0.09802 0.00000
0.99518 0.09802 0.00000
0.99518 0.09802 0.00000
0.99518 0.09802 0.00000
0.95694 0.29029 -0.00000
0.95694 0.29029 -0.00000
0.95694 0.29029 -0.00000
0.95694 0.29029 -0.00000
0.47139 -0.88192 -0.00000
0.47139 -0.88192 -0.00000
0.47139 -0.88192 -0.00000
0.47139 -0.88192 -0.00000
0.00000 -0.00000 1.00000
0.00000 -0.00000 1.00000
0.00000 -0.00000 1.00000
0.00000 -0.00000 1.00000
0.77301 -0.63439 0.00000
0.77301 -0.63439 0.00000
0.77301 -0.63439 0.00000
0.77301 -0.63439 0.00000
0.00000 -0.00000 1.00000
0.00000 -0.00000 1.00000
0.00000 -0.00000 1.00000
0.00000 -0.00000 1.00000
0.99518 -0.09802 -0.00000
0.99518 -0.09802 -0.00000
0.99518 -0.09802 -0.00000
0.99518 -0.09802 -0.00000
0.00000 -0.00000 1.00000
0.00000 -0.00000 1.00000
0.00000 -0.00000 1.00000
0.00000 -0.00000 1.00000
0.88192 0.47140 -0.00000
0.88192 0.47140 -0.00000
0.88192 0.47140 -0.00000
0.88192 0.47140 -0.00000
-0.00000 -0.00000 1.00000
-0.00000 -0.00000 1.00000
-0.00000 -0.00000 1.00000
-0.00000 -0.00000 1.00000
-0.88192 0.47140 0.00000
-0.88192 0.47140 0.00000
-0.88192 0.47140 0.00000
-0.88192 0.47140 0.00000
-0.95694 0.29029 0.00000
-0.95694 0.29029 0.00000
-0.95694 0.29029 0.00000
-0.95694 0.29029 0.00000
-0.99518 0.09802 0.00000
-0.99518 0.09802 0.00000
-0.99518 0.09802 0.00000
-0.99518 0.09802 0.00000
-0.99518 -0.09802 0.00000
-0.99518 -0.09802 0.00000
-0.99518 -0.09802 0.00000
-0.99518 -0.09802 0.00000
-0.95694 -0.29028 0.00000
-0.95694 -0.29028 0.00000
-0.95694 -0.29028 0.00000
-0.95694 -0.29028 0.00000
-0.88192 -0.47139 0.00000
-0.88192 -0.47139 0.00000
-0.88192 -0.47139 0.00000
-0.88192 -0.47139 0.00000
-0.77301 -0.63439 0.00000
-0.77301 -0.63439 0.00000
-0.77301 -0.63439 0.00000
-0.77301 -0.63439 0.00000
-0.63440 -0.77301 0.00000
-0.63440 -0.77301 0.00000
-0.63440 -0.77301 0.00000
-0.63440 -0.77301 0.00000
-0.47140 -0.88192 0.00000
-0.47140 -0.88192 0.00000
-0.47140 -0.88192 0.00000
-0.47140 -0.88192 0.00000
-0.29029 -0.95694 0.00000
-0.29029 -0.95694 0.00000
-0.29029 -0.95694 0.00000
-0.29029 -0.95694 0.00000
-0.09802 -0.99518 0.00000
-0.09802 -0.99518 0.00000
-0.09802 -0.99518 0.00000
-0.09802 -0.99518 0.00000
0.09801 -0.99519 0.00000
0.09801 -0.99519 0.00000
0.09801 -0.99519 0.00000
0.09801 -0.99519 0.00000
0.29028 -0.95694 -0.00000
0.29028 -0.95694 -0.00000
0.29028 -0.95694 -0.00000
0.29028 -0.95694 -0.00000
0.47139 -0.88192 0.00000
0.47139 -0.88192 0.00000
0.47139 -0.88192 0.00000
0.47139 -0.88192 0.00000
0.63439 -0.77301 0.00000
0.63439 -0.77301 0.00000
0.63439 -0.77301 0.00000
0.63439 -0.77301 0.00000
0.99518 -0.09802 0.00000
0.99518 -0.09802 0.00000
0.99518 -0.09802 0.00000
0.99518 -0.09802 0.00000
0.88192 0.47140 0.00000
0.88192 0.47140 0.00000
0.88192 0.47140 0.00000
0.88192 0.47140 0.00000
0.00000 -0.00000 1.00000
0.00000 -0.00000 1.00000
0.00000 -0.00000 1.00000
0.00000 -0.00000 1.00000
0.00000 -0.00000 1.00000
0.00000 -0.00000 1.00000
0.00000 -0.00000 1.00000
0.00000 -0.00000 1.00000
0.00000 -0.00000 1.00000
0.00000 -0.00000 1.00000
0.00000 -0.00000 1.00000
0.00000 -0.00000 1.00000
-0.00000 0.00000 -1.00000
-0.00000 0.00000 -1.00000
-0.00000 0.00000 -1.00000
-0.00000 0.00000 -1.00000
-0.00000 0.00000 -1.00000
-0.00000 0.00000 -1.00000
-0.00000 0.00000 -1.00000
-0.00000 0.00000 -1.00000
0.00000 -1.00000 -0.00000
0.00000 -1.00000 -0.00000
0.00000 -1.00000 -0.00000
0.00000 -1.00000 -0.00000
-0.88192 -0.47140 -0.00000
-0.88192 -0.47140 -0.00000
-0.88192 -0.47140 -0.00000
-0.88192 -0.47140 -0.00000
0.00000 -1.00000 -0.00000
0.00000 -1.00000 -0.00000
0.00000 -1.00000 -0.00000
0.00000 -1.00000 -0.00000
0.88192 -0.47140 -0.00000
0.88192 -0.47140 -0.00000
0.88192 -0.47140 -0.00000
0.88192 -0.47140 -0.00000
0.00000 -1.00000 -0.00000
0.00000 -1.00000 -0.00000
0.00000 -1.00000 -0.00000
0.00000 -1.00000 -0.00000
0.00000 -1.00000 -0.00000
0.00000 -1.00000 -0.00000
0.00000 -1.00000 -0.00000
0.00000 -1.00000 -0.00000
0.00000 -1.00000 -0.00000
0.00000 -1.00000 -0.00000
0.00000 -1.00000 -0.00000
0.00000 -1.00000 -0.00000

0.41820 0.75681
0.45355 0.78534
0.41820 0.75681
0.18779 0.85620
0.19755 0.89578
0.18779 0.85620
0.27221 0.83553
0.29134 0.87282
0.27221 0.83553
0.92779 0.83553
0.90866 0.87282
0.92779 0.83553
0.00245 0.89578
0.01221 0.85620
0.01221 0.85620
0.51574 0.72419
0.47416 0.70177
0.47416 0.70177
0.35001 0.80197
0.39911 0.76945
0.35001 0.80197
0.55000 0.43398
0.55000 0.37895
0.60000 0.43398
0.90866 0.12718
1.01221 0.14380
0.92779 0.16447
0.00246 0.10422
0.10000 0.13682
0.01221 0.14380
0.10000 0.09647
0.18779 0.14380
0.10000 0.13682
0.19755 0.10422
0.27221 0.16447
0.18779 0.14380
0.29134 0.12718
0.35001 0.19803
0.27221 0.16447
0.37779 0.16448
0.41820 0.24319
0.35001 0.19803
0.45355 0.21466
0.47416 0.29823
0.41820 0.24319
0.51574 0.27581
0.51575 0.36102
0.47416 0.29823
0.56194 0.34558
0.54135 0.42915
0.51575 0.36102
0.59039 0.42128
0.55000 0.50000
0.54135 0.42915
0.60000 0.50000
0.54135 0.57085
0.55000 0.50000
0.59039 0.57873
0.51575 0.63898
0.54135 0.57085
0.56194 0.65443
0.47416 0.70177
0.51575 0.63898
0.18779 0.85620
0.27221 0.83553
0.19755 0.89578
0.29134 0.87282
0.27221 0.83553
0.18779 0.85620
0.92779 0.83553
1.01221 0.85620
0.90866 0.87282
0.00245 0.89578
0.01221 0.85620
-0.07221 0.83553
0.00245 0.10422
-0.07221 0.16447
0.01221 0.14380
0.56194 0.34557
0.47416 0.29823
0.51575 0.36102
0.55000 0.37895
0.60000 0.37895
0.60000 0.41857
0.27221 0.83553
0.35001 0.80197
0.29134 0.87282
0.01221 0.85620
0.10000 0.86318
0.00246 0.89578
0.90866 0.12718
0.84999 0.19803
0.92779 0.16447
0.10000 0.09647
0.01221 0.14380
0.10000 0.13682
0.19754 0.10422
0.10000 0.13682
0.18779 0.14380
0.29134 0.12718
0.18779 0.14380
0.27221 0.16447
0.37778 0.16447
0.27221 0.16447
0.35001 0.19803
0.45355 0.21466
0.35001 0.19803
0.41820 0.24319
0.51573 0.27581
0.41820 0.24319
0.47416 0.29823
0.59039 0.42127
0.51575 0.36102
0.54135 0.42914
0.60000 0.50000
0.54135 0.42915
0.55000 0.50000
0.59039 0.57872
0.55000 0.50000
0.54135 0.57085
0.51575 0.63898
0.47416 0.70177
0.51574 0.72419
0.56194 0.65442
0.54135 0.57085
0.51575 0.63898
0.51574 0.72419
0.47416 0.70177
0.41820 0.75681
0.18779 0.85620
0.10000 0.86318
0.19754 0.89578
0.92779 0.83553
0.84999 0.80197
0.90866 0.87282
0.84999 0.19803
0.82500 0.21458
0.82500 0.20204
0.84999 0.80197
0.82500 0.79796
0.82500 0.78542
0.82500 0.16447
0.82500 0.16327
0.90866 0.12718
0.84999 0.80197
0.82500 0.83673
0.82500 0.83216
0.84999 0.80197
0.84999 0.80197
0.82500 0.83216
0.84999 0.19803
0.90866 0.12718
0.82500 0.16327
0.55000 0.76230
0.55000 0.78247
0.56833 0.76230
0.60000 0.78247
0.55000 0.76230
0.58167 0.76230
0.60000 0.76230
0.60000 0.78247
0.58167 0.76230
0.84999 0.19803
0.82500 0.16784
0.82500 0.21458
0.82500 0.79796
0.82500 0.83673
0.82500 0.78542
0.82500 0.79796
0.82500 0.83216
0.82500 0.83673
0.55000 0.78247
0.60000 0.76230
0.56833 0.76230
0.56833 0.21458
0.60000 0.21458
0.55000 0.21458
0.82500 0.78542
0.82500 0.83216
0.84999 0.80197
0.55000 0.46251
0.60000 0.46251
0.60000 0.40136
0.55000 0.40137
0.55000 0.40137
0.60000 0.40136
0.60000 0.33160
0.55000 0.33160
0.55000 0.33160
0.60000 0.33160
0.60000 0.25590
0.55000 0.25590
0.55000 0.25590
0.60000 0.25590
0.60000 0.17717
0.55000 0.17717
0.55000 0.17717
0.60000 0.17717
0.60000 0.09845
0.55000 0.09845
0.55000 0.09845
0.60000 0.09845
0.60000 0.02275
0.55000 0.02275
0.55000 0.82981
0.60000 0.82981
0.60000 0.90551
0.55000 0.90551
0.55000 0.09845
0.60000 0.09845
0.60000 0.17717
0.55000 0.17717
0.55000 0.17717
0.60000 0.17717
0.60000 0.25590
0.55000 0.25590
0.55000 0.25590
0.60000 0.25590
0.60000 0.33160
0.55000 0.33160
0.55000 0.33160
0.60000 0.33160
0.60000 0.40136
0.55000 0.40137
0.55000 0.40137
0.60000 0.40136
0.60000 0.46251
0.55000 0.46252
0.55000 0.21466
0.60000 0.21466
0.60000 0.27581
0.55000 0.27581
0.55000 0.27581
0.60000 0.27581
0.60000 0.34557
0.55000 0.34558
0.55000 0.34558
0.60000 0.34557
0.60000 0.42127
0.55000 0.42128
0.55000 0.42128
0.60000 0.42127
0.60000 0.50000
0.55000 0.50000
0.55000 0.50000
0.60000 0.50000
0.60000 0.57872
0.55000 0.57873
0.55000 0.57873
0.60000 0.57872
0.60000 0.65442
0.55000 0.65443
0.55000 0.65443
0.60000 0.65442
0.60000 0.72419
0.55000 0.72419
0.60000 0.78534
0.55000 0.78534
0.55000 0.72419
0.60000 0.72419
0.35001 0.80197
0.37779 0.83553
0.29134 0.87282
0.35001 0.80197
0.37778 0.83553
0.45355 0.78534
0.35001 0.80197
0.35001 0.80197
0.29134 0.87282
0.37778 0.83553
0.35001 0.80197
0.27221 0.83553
0.29134 0.87282
0.19755 0.89578
0.27221 0.83553
0.27221 0.83553
0.10000 0.86318
0.10000 0.90353
0.00246 0.89578
0.10000 0.86318
0.10000 0.09647
0.19754 0.08871
0.10000 0.05611
0.10000 0.05611
0.00245 0.89578
0.10000 0.90353
0.10000 0.86318
0.01221 0.85620
0.00246 0.89578
-0.09134 0.87282
0.01221 0.85620
0.01221 0.85620
0.55000 0.78247
0.60000 0.78247
0.60000 0.78247
0.60000 0.76230
0.90866 0.12718
0.92779 0.16447
0.92779 0.16447
1.00245 0.10422
0.55000 0.84526
0.60000 0.84526
0.60000 0.84526
0.55000 0.78247
0.00245 0.10422
0.01221 0.14380
0.01221 0.14380
0.10000 0.09647
0.55000 0.10632
0.60000 0.10632
0.60000 0.10632
0.60000 0.03819
0.10000 0.09647
0.10000 0.13682
0.10000 0.13682
0.19754 0.10422
0.55000 0.17717
0.60000 0.17717
0.60000 0.17717
0.55000 0.10632
0.19754 0.10422
0.18779 0.14380
0.18779 0.14380
0.29134 0.12718
0.55000 0.24803
0.60000 0.24803
0.60000 0.24803
0.55000 0.17717
0.29134 0.12718
0.27221 0.16447
0.27221 0.16447
0.37778 0.16447
0.55000 0.31616
0.60000 0.31616
0.60000 0.31616
0.55000 0.24803
0.37778 0.16447
0.35001 0.19803
0.35001 0.19803
0.45355 0.21466
0.55000 0.37895
0.60000 0.37895
0.60000 0.37894
0.55000 0.31616
0.45355 0.21466
0.41820 0.24319
0.41820 0.24319
0.51573 0.27581
0.55000 0.43398
0.60000 0.43398
0.60000 0.43398
0.55000 0.37895
0.51573 0.27581
0.47416 0.29823
0.47416 0.29823
0.56194 0.34557
0.55000 0.29823
0.60000 0.29823
0.60000 0.29823
0.55000 0.24319
0.56194 0.34557
0.51575 0.36102
0.51575 0.36102
0.59039 0.42127
0.55000 0.36102
0.60000 0.36102
0.60000 0.36102
0.60000 0.29823
0.59039 0.42127
0.54135 0.42914
0.54135 0.42915
0.60000 0.50000
0.55000 0.42915
0.60000 0.42915
0.60000 0.42914
0.55000 0.36102
0.60000 0.50000
0.55000 0.50000
0.55000 0.50000
0.59039 0.57872
0.55000 0.50000
0.60000 0.50000
0.60000 0.50000
0.55000 0.42915
0.59039 0.57872
0.54135 0.57085
0.54135 0.57085
0.56194 0.65442
0.55000 0.57085
0.60000 0.57085
0.60000 0.57085
0.55000 0.50000
0.56194 0.65442
0.51575 0.63898
0.51575 0.63898
0.51574 0.72419
0.55000 0.63898
0.60000 0.63898
0.60000 0.63898
0.55000 0.57085
0.45355 0.78534
0.51574 0.72419
0.41820 0.75681
0.41820 0.75681
0.41820 0.75681
0.39911 0.76945
0.35001 0.80197
0.45355 0.78534
0.19754 0.89578
0.29134 0.87282
0.18779 0.85620
0.18779 0.85620
0.90866 0.87282
1.00245 0.89578
0.92779 0.83553
0.92779 0.83553
0.60000 0.78247
0.60000 0.78247
0.55000 0.78247
0.55000 0.76230
0.92779 0.16447
0.82500 0.16447
0.90866 0.12718
0.92779 0.16447
0.01221 0.14380
-0.09134 0.12718
0.00246 0.10422
0.01221 0.14380
0.10000 0.13682
0.00246 0.10422
0.10000 0.09647
0.10000 0.13682
0.18779 0.14380
0.10000 0.09647
0.19755 0.10422
0.18779 0.14380
0.27221 0.16447
0.19755 0.10422
0.29134 0.12718
0.27221 0.16447
0.35001 0.19803
0.29134 0.12718
0.37779 0.16448
0.35001 0.19803
0.41820 0.24319
0.37779 0.16448
0.45355 0.21466
0.41820 0.24319
0.47416 0.29823
0.45355 0.21466
0.51574 0.27581
0.47416 0.29823
0.51575 0.36102
0.51574 0.27581
0.56194 0.34558
0.51575 0.36102
0.54135 0.42915
0.56194 0.34558
0.59039 0.42128
0.54135 0.42915
0.55000 0.50000
0.59039 0.42128
0.60000 0.50000
0.55000 0.50000
0.54135 0.57085
0.60000 0.50000
0.59039 0.57873
0.54135 0.57085
0.51575 0.63898
0.59039 0.57873
0.56194 0.65443
0.51575 0.63898
0.47416 0.70177
0.56194 0.65443
0.51573 0.72419
0.47416 0.70177
0.55000 0.75681
0.55000 0.75681
0.60000 0.75681
0.55000 0.70177
0.60000 0.80197
0.60000 0.80197
0.55000 0.80197
0.55000 0.80197
0.60000 0.24803
0.55000 0.31616
0.55000 0.24803
0.55000 0.24803
0.60000 0.37895
0.60000 0.37895
0.55000 0.37895
0.55000 0.31616
0.55000 0.31616
0.55000 0.31616
0.60000 0.31616
0.60000 0.37895
0.55000 0.31616
0.60000 0.24803
0.60000 0.31616
0.60000 0.31616
0.60000 0.84526
0.55000 0.91339
0.55000 0.84526
0.55000 0.84526
0.60000 0.17717
0.60000 0.17717
0.55000 0.17717
0.55000 0.10632
0.55000 0.10632
0.55000 0.10632
0.60000 0.10632
0.60000 0.17717
0.55000 0.10632
0.60000 0.03819
0.60000 0.10632
0.60000 0.10632
0.55000 0.70177
0.60000 0.70177
0.60000 0.70177
0.55000 0.63898
0.35001 0.80197
0.41820 0.75681
0.45355 0.78534
0.37779 0.83553
0.55000 0.37895
0.60000 0.41857
0.60000 0.43398
0.60000 0.43398
0.10000 0.86318
0.18779 0.85620
0.19755 0.89578
0.10000 0.90353
0.60000 0.24803
0.55000 0.24803
0.55000 0.17717
0.60000 0.24803
0.84999 0.80197
0.92779 0.83553
0.90866 0.87282
0.82500 0.83673
0.60000 0.84526
0.55000 0.84526
0.55000 0.78247
0.60000 0.84526
0.41820 0.75681
0.47416 0.70177
0.51573 0.72419
0.45355 0.78534
0.55000 0.78247
0.60000 0.84526
0.60000 0.78247
0.55000 0.78247
0.55000 0.84526
0.55000 0.91339
0.60000 0.84526
0.55000 0.84526
0.55000 0.10632
0.60000 0.17717
0.60000 0.10632
0.55000 0.10632
0.55000 0.17717
0.60000 0.24803
0.60000 0.17717
0.55000 0.17717
0.55000 0.24803
0.60000 0.31616
0.60000 0.24803
0.55000 0.24803
0.55000 0.31616
0.60000 0.37894
0.60000 0.31616
0.55000 0.31616
0.55000 0.37895
0.60000 0.43398
0.60000 0.37895
0.55000 0.37895
0.55000 0.24319
0.60000 0.29823
0.60000 0.24319
0.55000 0.24319
0.55000 0.29823
0.55000 0.36102
0.60000 0.29823
0.55000 0.29823
0.55000 0.36102
0.60000 0.42914
0.60000 0.36102
0.55000 0.36102
0.55000 0.42915
0.60000 0.50000
0.60000 0.42915
0.55000 0.42915
0.55000 0.50000
0.60000 0.57085
0.60000 0.50000
0.55000 0.50000
0.55000 0.57085
0.60000 0.63898
0.60000 0.57085
0.55000 0.57085
0.55000 0.63898
0.60000 0.70177
0.60000 0.63898
0.55000 0.63898
0.55000 0.70177
0.60000 0.75681
0.60000 0.70177
0.55000 0.70177
0.60000 0.17717
0.60000 0.24803
0.55000 0.17717
0.55000 0.17717
0.60000 0.78247
0.60000 0.84526
0.55000 0.78247
0.55000 0.78247
0.84999 0.19803
0.82500 0.16784
0.82500 0.16447
0.92779 0.16447
0.84999 0.19803
0.82500 0.20204
0.82500 0.16784
0.84999 0.19803
0.84999 0.80197
0.82500 0.83216
0.82500 0.79796
0.84999 0.80197
0.82500 0.16784
0.84999 0.19803
0.84999 0.19803
0.82500 0.16327
0.82500 0.83673
0.90866 0.87282
0.84999 0.80197
0.82500 0.83216
0.55000 0.21458
0.60000 0.21458
0.60000 0.16784
0.55000 0.20204
0.60000 0.76230
0.55000 0.76230
0.55000 0.82981
0.60000 0.82981
0.60000 0.83673
0.60000 0.83216
0.55000 0.78542
0.55000 0.83673
0.55000 0.76230
0.60000 0.76230
0.60000 0.82981
0.55000 0.82981
0.55000 0.78542
0.60000 0.83216
0.60000 0.78542
0.58167 0.78542
0.55000 0.20204
0.60000 0.16784
0.60000 0.16327
0.55000 0.16784
0.55000 0.16784
0.60000 0.16327
0.55000 0.16327
0.55000 0.16447

302
0 1 2
3 4 5
6 7 8
9 10 11
12 13 14
15 16 17
18 19 20
21 22 23
24 25 26
27 28 29
30 31 32
33 34 35
36 37 38
39 40 41
42 43 44
45 46 47
48 49 50
51 52 53
54 55 56
57 58 59
60 61 62
63 64 65
66 67 68
69 70 71
72 73 74
75 76 77
78 79 80
81 82 83
84 85 86
87 88 89
90 91 92
93 94 95
96 97 98
99 100 101
102 103 104
105 106 107
108 109 110
111 112 113
114 115 116
117 118 119
120 121 122
123 124 125
126 127 128
129 130 131
132 133 134
135 136 137
138 139 140
141 142 143
144 145 146
147 148 149
150 151 152
153 154 155
156 157 158
159 160 161
162 163 164
165 166 167
168 169 170
171 172 173
174 175 176
177 178 179
180 181 182
180 182 183
184 185 186
184 186 187
188 189 190
188 190 191
192 193 194
192 194 195
196 197 198
196 198 199
200 201 202
200 202 203
204 205 206
204 206 207
208 209 210
208 210 211
212 213 214
212 214 215
216 217 218
216 218 219
220 221 222
220 222 223
224 225 226
224 226 227
228 229 230
228 230 231
232 233 234
232 234 235
236 237 238
236 238 239
240 241 242
240 242 243
244 245 246
244 246 247
248 249 250
248 250 251
252 253 254
252 254 255
256 257 258
256 258 259
260 261 262
260 262 263
264 265 266
264 266 267
268 269 270
268 270 271
272 273 274
272 274 275
276 277 278
276 278 279
280 281 282
280 282 283
284 285 286
284 286 287
288 289 290
288 290 291
292 293 294
292 294 295
296 297 298
296 298 299
300 301 302
300 302 303
304 305 306
304 306 307
308 309 310
308 310 311
312 313 314
312 314 315
316 317 318
316 318 319
320 321 322
320 322 323
324 325 326
324 326 327
328 329 330
328 330 331
332 333 334
332 334 335
336 337 338
336 338 339
340 341 342
340 342 343
344 345 346
344 346 347
348 349 350
348 350 351
352 353 354
352 354 355
356 357 358
356 358 359
360 361 362
360 362 363
364 365 366
364 366 367
368 369 370
368 370 371
372 373 374
372 374 375
376 377 378
376 378 379
380 381 382
380 382 383
384 385 386
384 386 387
388 389 390
388 390 391
392 393 394
392 394 395
396 397 398
396 398 399
400 401 402
400 402 403
404 405 406
404 406 407
408 409 410
408 410 411
412 413 414
412 414 415
416 417 418
416 418 419
420 421 422
420 422 423
424 425 426
424 426 427
428 429 430
428 430 431
432 433 434
432 434 435
436 437 438
436 438 439
440 441 442
440 442 443
444 445 446
444 446 447
448 449 450
448 450 451
452 453 454
452 454 455
456 457 458
456 458 459
460 461 462
460 462 463
464 465 466
464 466 467
468 469 470
468 470 471
472 473 474
472 474 475
476 477 478
476 478 479
480 481 482
480 482 483
484 485 486
484 486 487
488 489 490
488 490 491
492 493 494
492 494 495
496 497 498
496 498 499
500 501 502
500 502 503
504 505 506
504 506 507
508 509 510
508 510 511
512 513 514
512 514 515
516 517 518
516 518 519
520 521 522
520 522 523
524 525 526
524 526 527
528 529 530
528 530 531
532 533 534
532 534 535
536 537 538
536 538 539
540 541 542
540 542 543
544 545 546
544 546 547
548 549 550
548 550 551
552 553 554
552 554 555
556 557 558
556 558 559
560 561 562
560 562 563
564 565 566
564 566 567
568 569 570
568 570 571
572 573 574
572 574 575
576 577 578
576 578 579
580 581 582
580 582 583
584 585 586
584 586 587
588 589 590
588 590 591
592 593 594
592 594 595
596 597 598
596 598 599
600 601 602
600 602 603
604 605 606
604 606 607
608 609 610
608 610 611
612 613 614
612 614 615
616 617 618
616 618 619
620 621 622
620 622 623
624 625 626
624 626 627
628 629 630
628 630 631
632 633 634
632 634 635
636 637 638
636 638 639
640 641 642
640 642 643
644 645 646
644 646 647
648 649 650
648 650 651
652 653 654
652 654 655
656 657 658
656 658 659
660 661 662
660 662 663

brick
383
-16.62940 0.00000 16.11140
-14.14214 0.00000 19.14214
-0.00000 0.00000 5.00000
-0.00000 10.00000 5.00000
-14.14216 10.00000 19.14211
-16.62942 10.00000 16.11137
-18.47759 -0.00000 12.65367
-16.62940 0.00000 16.11140
-0.00000 0.00000 5.00000
-0.00000 10.00000 5.00000
-16.62942 10.00000 16.11137
-18.47761 10.00000 12.65363
-0.00000 0.00000 5.00000
-19.61571 -0.00000 8.90181
-18.47759 -0.00000 12.65367
-0.00000 10.00000 5.00000
-18.47761 10.00000 12.65363
-19.61572 10.00000 8.90177
-0.00000 0.00000 5.00000
-20.00000 -0.00000 5.00000
-19.61571 -0.00000 8.90181
-0.00000 10.00000 5.00000
-19.61572 10.00000 8.90177
-20.00000 10.00000 4.99996
-0.00000 0.00000 5.00000
-19.61571 -0.00000 1.09819
-20.00000 -0.00000 5.00000
-0.00000 10.00000 5.00000
-20.00000 10.00000 4.99996
-19.61570 10.00000 1.09815
-0.00000 0.00000 5.00000
-18.47759 -0.00000 -2.65367
-19.61571 -0.00000 1.09819
-0.00000 10.00000 5.00000
-19.61570 10.00000 1.09815
-18.47758 10.00000 -2.65370
-0.00000 0.00000 5.00000
-16.62940 0.00000 -6.11140
-18.47759 -0.00000 -2.65367
-0.00000 10.00000 5.00000
-18.47758 10.00000 -2.65370
-16.62938 10.00000 -6.11143
-0.00000 0.00000 5.00000
-14.14214 0.00000 -9.14213
-16.62940 0.00000 -6.11140
-0.00000 10.00000 5.00000
-16.62938 10.00000 -6.11143
-14.14212 10.00000 -9.14215
-0.00000 0.00000 5.00000
-11.11141 0.00000 -11.62939
-14.14214 0.00000 -9.14213
-0.00000 10.00000 5.00000
-14.14212 10.00000 -9.14215
-11.11139 10.00000 -11.62940
-0.00000 0.00000 5.00000
-7.65367 0.00000 -13.47759
-11.11141 0.00000 -11.62939
-0.00000 10.00000 5.00000
-11.11139 10.00000 -11.62940
-7.65367 10.00000 -13.47759
-0.00000 0.00000 5.00000
-3.90180 0.00000 -14.99749
-7.65367 0.00000 -13.47759
-0.00000 10.00000 5.00000
-7.65367 10.00000 -13.47759
-3.90181 10.00000 -14.99749
-0.00000 0.00000 5.00000
0.00000 0.00000 -14.99749
-3.90180 0.00000 -14.99749
-0.00000 10.00000 5.00000
-3.90181 10.00000 -14.99749
-0.00001 10.00000 -14.99749
-0.00000 0.00000 5.00000
3.90181 0.00000 -14.99749
0.00000 0.00000 -14.99749
-0.00000 10.00000 5.00000
-0.00001 10.00000 -14.99749
3.90179 10.00000 -14.99749
-0.00000 0.00000 5.00000
7.65367 0.00000 -13.47759
3.90181 0.00000 -14.99749
-0.00000 10.00000 5.00000
3.90179 10.00000 -14.99749
7.65364 10.00000 -13.47760
-0.00000 0.00000 5.00000
11.11141 0.00000 -11.62939
7.65367 0.00000 -13.47759
-0.00000 10.00000 5.00000
7.65364 10.00000 -13.47760
11.11138 10.00000 -11.62941
-0.00000 0.00000 5.00000
14.14214 0.00000 -9.14213
11.11141 0.00000 -11.62939
-0.00000 10.00000 5.00000
11.11138 10.00000 -11.62941
14.14210 10.00000 -9.14217
-0.00000 0.00000 5.00000
16.62940 0.00000 -6.11139
14.14214 0.00000 -9.14213
-0.00000 10.00000 5.00000
14.14210 10.00000 -9.14217
16.62936 10.00000 -6.11145
-0.00000 0.00000 5.00000
18.47759 0.00000 -2.65366
16.62940 0.00000 -6.11139
-0.00000 10.00000 5.00000
16.62936 10.00000 -6.11145
18.47757 10.00000 -2.65372
-0.00000 0.00000 5.00000
19.61571 0.00000 1.09821
18.47759 0.00000 -2.65366
-0.00000 10.00000 5.00000
18.47757 10.00000 -2.65372
19.61569 10.00000 1.09813
-0.00000 0.00000 5.00000
20.00000 0.00000 5.00002
19.61571 0.00000 1.09821
-0.00000 10.00000 5.00000
19.61569 10.00000 1.09813
20.00000 10.00000 4.99993
-0.00000 0.00000 5.00000
19.61570 0.00000 8.90183
20.00000 0.00000 5.00002
-0.00000 10.00000 5.00000
20.00000 10.00000 4.99993
19.61572 10.00000 8.90173
-0.00000 0.00000 5.00000
18.47758 0.00000 12.65369
19.61570 0.00000 8.90183
-0.00000 10.00000 5.00000
19.61572 10.00000 8.90173
18.47762 10.00000 12.65359
-0.00000 0.00000 5.00000
16.62938 0.00000 16.11142
18.47758 0.00000 12.65369
-0.00000 10.00000 5.00000
18.47762 10.00000 12.65359
16.62944 10.00000 16.11132
-0.00000 0.00000 5.00000
14.14212 0.00000 19.14215
16.62938 0.00000 16.11142
-0.00000 10.00000 5.00000
16.62944 10.00000 16.11132
14.14221 10.00000 19.14206
-0.00000 0.00000 5.00000
11.11138 0.00000 21.62941
14.14212 0.00000 19.14215
-0.00000 10.00000 5.00000
14.14221 10.00000 19.14206
11.11150 10.00000 21.62933
-0.00000 0.00000 5.00000
7.65364 0.00000 23.47760
11.11138 0.00000 21.62941
-0.00000 10.00000 5.00000
11.11150 10.00000 21.62933
7.65378 10.00000 23.47754
-0.00000 0.00000 5.00000
3.90178 0.00000 24.61571
7.65364 0.00000 23.47760
-0.00000 10.00000 5.00000
7.65378 10.00000 23.47754
3.90193 10.00000 24.61568
-0.00000 0.00000 5.00000
-0.00003 0.00000 25.00000
3.90178 0.00000 24.61571
-0.00000 10.00000 5.00000
3.90193 10.00000 24.61568
0.00014 10.00000 25.00000
-0.00000 0.00000 5.00000
-3.90184 0.00000 24.61570
-0.00003 0.00000 25.00000
-0.00000 10.00000 5.00000
0.00014 10.00000 25.00000
-3.90167 10.00000 24.61573
-0.00000 0.00000 5.00000
-7.65370 0.00000 23.47758
-3.90184 0.00000 24.61570
-0.00000 10.00000 5.00000
-3.90167 10.00000 24.61573
-7.65353 10.00000 23.47765
-0.00000 0.00000 5.00000
-11.11144 0.00000 21.62937
-7.65370 0.00000 23.47758
-0.00000 10.00000 5.00000
-7.65353 10.00000 23.47765
-11.11127 10.00000 21.62948
-0.00000 0.00000 5.00000
-14.14214 0.00000 19.14214
-11.11144 0.00000 21.62937
-0.00000 10.00000 5.00000
-11.11127 10.00000 21.62948
-14.14216 10.00000 19.14211
3.90179 10.00000 -14.99749
-1.66294 2.24481 -14.99749
-1.41422 2.54788 -14.99749
3.90181 0.00000 -14.99749
1.96157 0.74348 -14.99749
1.84776 0.36830 -14.99749
-3.90180 0.00000 -14.99749
-1.84776 1.89903 -14.99749
-1.66294 2.24481 -14.99749
3.90179 10.00000 -14.99749
-0.00000 3.13367 -14.99749
0.39018 3.09524 -14.99749
-3.90180 0.00000 -14.99749
-1.96157 1.52385 -14.99749
-1.84776 1.89903 -14.99749
3.90181 0.00000 -14.99749
1.84776 0.36830 -14.99749
1.66432 0.02510 -14.99749
3.90179 10.00000 -14.99749
1.96157 1.52385 -14.99749
2.00000 1.13366 -14.99749
3.90179 10.00000 -14.99749
-0.39018 3.09524 -14.99749
-0.00000 3.13367 -14.99749
-3.90180 0.00000 -14.99749
-2.00000 1.13366 -14.99749
-1.96157 1.52385 -14.99749
3.90179 10.00000 -14.99749
1.84776 1.89903 -14.99749
1.96157 1.52385 -14.99749
3.90179 10.00000 -14.99749
-0.76537 2.98142 -14.99749
-0.39018 3.09524 -14.99749
-3.90180 0.00000 -14.99749
-1.96157 0.74348 -14.99749
-2.00000 1.13366 -14.99749
3.90179 10.00000 -14.99749
1.66294 2.24481 -14.99749
1.84776 1.89903 -14.99749
3.90179 10.00000 -14.99749
-1.11114 2.79660 -14.99749
-0.76537 2.98142 -14.99749
-3.90180 0.00000 -14.99749
-1.84776 0.36830 -14.99749
-1.96157 0.74348 -14.99749
3.90179 10.00000 -14.99749
1.41421 2.54788 -14.99749
1.66294 2.24481 -14.99749
3.90179 10.00000 -14.99749
-1.41422 2.54788 -14.99749
-1.11114 2.79660 -14.99749
-3.90180 0.00000 -14.99749
-1.66432 0.02510 -14.99749
-1.84776 0.36830 -14.99749
3.90179 10.00000 -14.99749
1.11114 2.79660 -14.99749
1.41421 2.54788 -14.99749
3.90179 10.00000 -14.99749
0.76537 2.98142 -14.99749
1.11114 2.79660 -14.99749
0.39018 3.09524 -14.99749
0.76537 2.98142 -14.99749
3.90179 10.00000 -14.99749
-14.14214 0.00000 19.14214
-16.62940 0.00000 16.11140
-16.62942 10.00000 16.11137
-14.14216 10.00000 19.14211
-16.62940 0.00000 16.11140
-18.47759 -0.00000 12.65367
-18.47761 10.00000 12.65363
-16.62942 10.00000 16.11137
-18.47759 -0.00000 12.65367
-19.61571 -0.00000 8.90181
-19.61572 10.00000 8.90177
-18.47761 10.00000 12.65363
-19.61571 -0.00000 8.90181
-20.00000 -0.00000 5.00000
-20.00000 10.00000 4.99996
-19.61572 10.00000 8.90177
-20.00000 -0.00000 5.00000
-19.61571 -0.00000 1.09819
-19.61570 10.00000 1.09815
-20.00000 10.00000 4.99996
-19.61571 -0.00000 1.09819
-18.47759 -0.00000 -2.65367
-18.47758 10.00000 -2.65370
-19.61570 10.00000 1.09815
-18.47759 -0.00000 -2.65367
-16.62940 0.00000 -6.11140
-16.62938 10.00000 -6.11143
-18.47758 10.00000 -2.65370
-16.62940 0.00000 -6.11140
-14.14214 0.00000 -9.14213
-14.14212 10.00000 -9.14215
-16.62938 10.00000 -6.11143
-14.14214 0.00000 -9.14213
-11.11141 0.00000 -11.62939
-11.11139 10.00000 -11.62940
-14.14212 10.00000 -9.14215
-11.11141 0.00000 -11.62939
-7.65367 0.00000 -13.47759
-7.65367 10.00000 -13.47759
-11.11139 10.00000 -11.62940
-7.65367 0.00000 -13.47759
-3.90180 0.00000 -14.99749
-3.90181 10.00000 -14.99749
-7.65367 10.00000 -13.47759
3.90181 0.00000 -14.99749
7.65367 0.00000 -13.47759
7.65364 10.00000 -13.47760
3.90179 10.00000 -14.99749
7.65367 0.00000 -13.47759
11.11141 0.00000 -11.62939
11.11138 10.00000 -11.62941
7.65364 10.00000 -13.47760
11.11141 0.00000 -11.62939
14.14214 0.00000 -9.14213
14.14210 10.00000 -9.14217
11.11138 10.00000 -11.62941
14.14214 0.00000 -9.14213
16.62940 0.00000 -6.11139
16.62936 10.00000 -6.11145
14.14210 10.00000 -9.14217
16.62940 0.00000 -6.11139
18.47759 0.00000 -2.65366
18.47757 10.00000 -2.65372
16.62936 10.00000 -6.11145
18.47759 0.00000 -2.65366
19.61571 0.00000 1.09821
19.61569 10.00000 1.09813
18.47757 10.00000 -2.65372
19.61571 0.00000 1.09821
20.00000 0.00000 5.00002
20.00000 10.00000 4.99993
19.61569 10.00000 1.09813
20.00000 0.00000 5.00002
19.61570 0.00000 8.90183
19.61572 10.00000 8.90173
20.00000 10.00000 4.99993
19.61570 0.00000 8.90183
18.47758 0.00000 12.65369
18.47762 10.00000 12.65359
19.61572 10.00000 8.90173
18.47758 0.00000 12.65369
16.62938 0.00000 16.11142
16.62944 10.00000 16.11132
18.47762 10.00000 12.65359
16.62938 0.00000 16.11142
14.14212 0.00000 19.14215
14.14221 10.00000 19.14206
16.62944 10.00000 16.11132
14.14212 0.00000 19.14215
11.11138 0.00000 21.62941
11.11150 10.00000 21.62933
14.14221 10.00000 19.14206
11.11138 0.00000 21.62941
7.65364 0.00000 23.47760
7.65378 10.00000 23.47754
11.11150 10.00000 21.62933
7.65364 0.00000 23.47760
3.90178 0.00000 24.61571
3.90193 10.00000 24.61568
7.65378 10.00000 23.47754
3.90178 0.00000 24.61571
-0.00003 0.00000 25.00000
0.00014 10.00000 25.00000
3.90193 10.00000 24.61568
-0.00003 0.00000 25.00000
-3.90184 0.00000 24.61570
-3.90167 10.00000 24.61573
0.00014 10.00000 25.00000
-3.90184 0.00000 24.61570
-7.65370 0.00000 23.47758
-7.65353 10.00000 23.47765
-3.90167 10.00000 24.61573
-7.65370 0.00000 23.47758
-11.11144 0.00000 21.62937
-11.11127 10.00000 21.62948
-7.65353 10.00000 23.47765
-11.11144 0.00000 21.62937
-14.14214 0.00000 19.14214
-14.14216 10.00000 19.14211
-11.11127 10.00000 21.62948
-3.90180 0.00000 -14.99749
-1.66294 2.24481 -14.99749
3.90179 10.00000 -14.99749
-3.90181 10.00000 -14.99749
3.90179 10.00000 -14.99749
2.00000 1.13366 -14.99749
1.96157 0.74348 -14.99749
3.90181 0.00000 -14.99749

-0.00000 1.00000 0.00000
-0.00000 1.00000 0.00000
-0.00000 1.00000 0.00000
0.00000 -1.00000 -0.00000
0.00000 -1.00000 -0.00000
0.00000 -1.00000 -0.00000
-0.00000 1.00000 -0.00000
-0.00000 1.00000 -0.00000
-0.00000 1.00000 -0.00000
0.00000 -1.00000 -0.00000
0.00000 -1.00000 -0.00000
0.00000 -1.00000 -0.00000
-0.00000 1.00000 0.00000
-0.00000 1.00000 0.00000
-0.00000 1.00000 0.00000
0.00000 -1.00000 -0.00000
0.00000 -1.00000 -0.00000
0.00000 -1.00000 -0.00000
-0.00000 1.00000 0.00000
-0.00000 1.00000 0.00000
-0.00000 1.00000 0.00000
0.00000 -1.00000 -0.00000
0.00000 -1.00000 -0.00000
0.00000 -1.00000 -0.00000
-0.00000 1.00000 -0.00000
-0.00000 1.00000 -0.00000
-0.00000 1.00000 -0.00000
0.00000 -1.00000 0.00000
0.00000 -1.00000 0.00000
0.00000 -1.00000 0.00000
-0.00000 1.00000 -0.00000
-0.00000 1.00000 -0.00000
-0.00000 1.00000 -0.00000
0.00000 -1.00000 0.00000
0.00000 -1.00000 0.00000
0.00000 -1.00000 0.00000
-0.00000 1.00000 0.00000
-0.00000 1.00000 0.00000
-0.00000 1.00000 0.00000
0.00000 -1.00000 0.00000
0.00000 -1.00000 0.00000
0.00000 -1.00000 0.00000
-0.00000 1.00000 0.00000
-0.00000 1.00000 0.00000
-0.00000 1.00000 0.00000
0.00000 -1.00000 0.00000
0.00000 -1.00000 0.00000
0.00000 -1.00000 0.00000
-0.00000 1.00000 0.00000
-0.00000 1.00000 0.00000
-0.00000 1.00000 0.00000
0.00000 -1.00000 0.00000
0.00000 -1.00000 0.00000
0.00000 -1.00000 0.00000
-0.00000 1.00000 0.00000
-0.00000 1.00000 0.00000
-0.00000 1.00000 0.00000
0.00000 -1.00000 0.00000
0.00000 -1.00000 0.00000
0.00000 -1.00000 0.00000
-0.00000 1.00000 0.00000
-0.00000 1.00000 0.00000
-0.00000 1.00000 0.00000
0.00000 -1.00000 -0.00000
0.00000 -1.00000 -0.00000
0.00000 -1.00000 -0.00000
-0.00000 1.00000 0.00000
-0.00000 1.00000 0.00000
-0.00000 1.00000 0.00000
-0.00000 -1.00000 0.00000
-0.00000 -1.00000 0.00000
-0.00000 -1.00000 0.00000
-0.00000 1.00000 0.00000
-0.00000 1.00000 0.00000
-0.00000 1.00000 0.00000
-0.00000 -1.00000 0.00000
-0.00000 -1.00000 0.00000
-0.00000 -1.00000 0.00000
-0.00000 1.00000 0.00000
-0.00000 1.00000 0.00000
-0.00000 1.00000 0.00000
-0.00000 -1.00000 0.00000
-0.00000 -1.00000 0.00000
-0.00000 -1.00000 0.00000
-0.00000 1.00000 0.00000
-0.00000 1.00000 0.00000
-0.00000 1.00000 0.00000
-0.00000 -1.00000 0.00000
-0.00000 -1.00000 0.00000
-0.00000 -1.00000 0.00000
-0.00000 1.00000 0.00000
-0.00000 1.00000 0.00000
-0.00000 1.00000 0.00000
-0.00000 -1.00000 0.00000
-0.00000 -1.00000 0.00000
-0.00000 -1.00000 0.00000
-0.00000 1.00000 0.00000
-0.00000 1.00000 0.00000
-0.00000 1.00000 0.00000
-0.00000 -1.00000 0.00000
-0.00000 -1.00000 0.00000
-0.00000 -1.00000 0.00000
-0.00000 1.00000 0.00000
-0.00000 1.00000 0.00000
-0.00000 1.00000 0.00000
0.00000 -1.00000 0.00000
0.00000 -1.00000 0.00000
0.00000 -1.00000 0.00000
-0.00000 1.00000 0.00000
-0.00000 1.00000 0.00000
-0.00000 1.00000 0.00000
0.00000 -1.00000 -0.00000
0.00000 -1.00000 -0.00000
0.00000 -1.00000 -0.00000
-0.00000 1.00000 0.00000
-0.00000 1.00000 0.00000
-0.00000 1.00000 0.00000
0.00000 -1.00000 -0.00000
0.00000 -1.00000 -0.00000
0.00000 -1.00000 -0.00000
-0.00000 1.00000 0.00000
-0.00000 1.00000 0.00000
-0.00000 1.00000 0.00000
0.00000 -1.00000 0.00000
0.00000 -1.00000 0.00000
0.00000 -1.00000 0.00000
-0.00000 1.00000 0.00000
-0.00000 1.00000 0.00000
-0.00000 1.00000 0.00000
0.00000 -1.00000 0.00000
0.00000 -1.00000 0.00000
0.00000 -1.00000 0.00000
-0.00000 1.00000 0.00000
-0.00000 1.00000 0.00000
-0.00000 1.00000 0.00000
0.00000 -1.00000 -0.00000
0.00000 -1.00000 -0.00000
0.00000 -1.00000 -0.00000
-0.00000 1.00000 0.00000
-0.00000 1.00000 0.00000
-0.00000 1.00000 0.00000
-0.00000 -1.00000 0.00000
-0.00000 -1.00000 0.00000
-0.00000 -1.00000 0.00000
-0.00000 1.00000 0.00000
-0.00000 1.00000 0.00000
-0.00000 1.00000 0.00000
-0.00000 -1.00000 0.00000
-0.00000 -1.00000 0.00000
-0.00000 -1.00000 0.00000
-0.00000 1.00000 0.00000
-0.00000 1.00000 0.00000
-0.00000 1.00000 0.00000
-0.00000 -1.00000 0.00000
-0.00000 -1.00000 0.00000
-0.00000 -1.00000 0.00000
-0.00000 1.00000 0.00000
-0.00000 1.00000 0.00000
-0.00000 1.00000 0.00000
-0.00000 -1.00000 0.00000
-0.00000 -1.00000 0.00000
-0.00000 -1.00000 0.00000
-0.00000 1.00000 0.00000
-0.00000 1.00000 0.00000
-0.00000 1.00000 0.00000
-0.00000 -1.00000 0.00000
-0.00000 -1.00000 0.00000
-0.00000 -1.00000 0.00000
-0.00000 1.00000 0.00000
-0.00000 1.00000 0.00000
-0.00000 1.00000 0.00000
-0.00000 -1.00000 0.00000
-0.00000 -1.00000 0.00000
-0.00000 -1.00000 0.00000
-0.00000 1.00000 0.00000
-0.00000 1.00000 0.00000
-0.00000 1.00000 0.00000
0.00000 -1.00000 0.00000
0.00000 -1.00000 0.00000
0.00000 -1.00000 0.00000
-0.00000 1.00000 0.00000
-0.00000 1.00000 0.00000
-0.00000 1.00000 0.00000
0.00000 -1.00000 -0.00000
0.00000 -1.00000 -0.00000
0.00000 -1.00000 -0.00000
-0.00000 1.00000 0.00000
-0.00000 1.00000 0.00000
-0.00000 1.00000 0.00000
0.00000 -1.00000 -0.00000
0.00000 -1.00000 -0.00000
0.00000 -1.00000 -0.00000
-0.00000 0.00000 1.00000
-0.00000 0.00000 1.00000
-0.00000 0.00000 1.00000
-0.00000 0.00000 1.00000
-0.00000 0.00000 1.00000
-0.00000 0.00000 1.00000
-0.00000 0.00000 1.00000
-0.00000 0.00000 1.00000
-0.00000 0.00000 1.00000
-0.00000 0.00000 1.00000
-0.00000 0.00000 1.00000
-0.00000 0.00000 1.00000
-0.00000 0.00000 1.00000
-0.00000 0.00000 1.00000
-0.00000 0.00000 1.00000
-0.00000 0.00000 1.00000
-0.00000 0.00000 1.00000
-0.00000 0.00000 1.00000
-0.00000 0.00000 1.00000
-0.00000 0.00000 1.00000
-0.00000 0.00000 1.00000
-0.00000 0.00000 1.00000
-0.00000 0.00000 1.00000
-0.00000 0.00000 1.00000
-0.00000 0.00000 1.00000
-0.00000 0.00000 1.00000
-0.00000 0.00000 1.00000
-0.00000 0.00000 1.00000
-0.00000 0.00000 1.00000
-0.00000 0.00000 1.00000
-0.00000 0.00000 1.00000
-0.00000 0.00000 1.00000
-0.00000 0.00000 1.00000
-0.00000 0.00000 1.00000
-0.00000 0.00000 1.00000
-0.00000 0.00000 1.00000
-0.00000 0.00000 1.00000
-0.00000 0.00000 1.00000
-0.00000 0.00000 1.00000
-0.00000 0.00000 1.00000
-0.00000 0.00000 1.00000
-0.00000 0.00000 1.00000
-0.00000 0.00000 1.00000
-0.00000 0.00000 1.00000
-0.00000 0.00000 1.00000
-0.00000 0.00000 1.00000
-0.00000 0.00000 1.00000
-0.00000 0.00000 1.00000
-0.00000 0.00000 1.00000
-0.00000 0.00000 1.00000
-0.00000 0.00000 1.00000
-0.00000 0.00000 1.00000
-0.00000 0.00000 1.00000
-0.00000 0.00000 1.00000
-0.00000 0.00000 1.00000
-0.00000 0.00000 1.00000
-0.00000 0.00000 1.00000
-0.00000 0.00000 1.00000
-0.00000 0.00000 1.00000
-0.00000 0.00000 1.00000
-0.00000 0.00000 1.00000
-0.00000 0.00000 1.00000
-0.00000 0.00000 1.00000
0.77301 -0.00000 -0.63439
0.77301 -0.00000 -0.63439
0.77301 -0.00000 -0.63439
0.77301 -0.00000 -0.63439
0.88192 -0.00000 -0.47140
0.88192 -0.00000 -0.47140
0.88192 -0.00000 -0.47140
0.88192 -0.00000 -0.47140
0.95694 -0.00000 -0.29028
0.95694 -0.00000 -0.29028
0.95694 -0.00000 -0.29028
0.95694 -0.00000 -0.29028
0.99518 -0.00000 -0.09802
0.99518 -0.00000 -0.09802
0.99518 -0.00000 -0.09802
0.99518 -0.00000 -0.09802
0.99518 0.00000 0.09802
0.99518 0.00000 0.09802
0.99518 0.00000 0.09802
0.99518 0.00000 0.09802
0.95694 0.00000 0.29029
0.95694 0.00000 0.29029
0.95694 0.00000 0.29029
0.95694 0.00000 0.29029
0.88192 0.00000 0.47140
0.88192 0.00000 0.47140
0.88192 0.00000 0.47140
0.88192 0.00000 0.47140
0.77301 0.00000 0.63439
0.77301 0.00000 0.63439
0.77301 0.00000 0.63439
0.77301 0.00000 0.63439
0.63439 0.00000 0.77301
0.63439 0.00000 0.77301
0.63439 0.00000 0.77301
0.63439 0.00000 0.77301
0.47140 -0.00000 0.88192
0.47140 -0.00000 0.88192
0.47140 -0.00000 0.88192
0.47140 -0.00000 0.88192
0.37547 0.00000 0.92684
0.37547 0.00000 0.92684
0.37547 0.00000 0.92684
0.37547 0.00000 0.92684
-0.37547 -0.00000 0.92684
-0.37547 -0.00000 0.92684
-0.37547 -0.00000 0.92684
-0.37547 -0.00000 0.92684
-0.47140 0.00000 0.88192
-0.47140 0.00000 0.88192
-0.47140 0.00000 0.88192
-0.47140 0.00000 0.88192
-0.63439 0.00000 0.77301
-0.63439 0.00000 0.77301
-0.63439 0.00000 0.77301
-0.63439 0.00000 0.77301
-0.77301 0.00000 0.63439
-0.77301 0.00000 0.63439
-0.77301 0.00000 0.63439
-0.77301 0.00000 0.63439
-0.88192 0.00000 0.47140
-0.88192 0.00000 0.47140
-0.88192 0.00000 0.47140
-0.88192 0.00000 0.47140
-0.95694 0.00000 0.29029
-0.95694 0.00000 0.29029
-0.95694 0.00000 0.29029
-0.95694 0.00000 0.29029
-0.99518 0.00000 0.09802
-0.99518 0.00000 0.09802
-0.99518 0.00000 0.09802
-0.99518 0.00000 0.09802
-0.99518 0.00000 -0.09802
-0.99518 0.00000 -0.09802
-0.99518 0.00000 -0.09802
-0.99518 0.00000 -0.09802
-0.95694 0.00000 -0.29028
-0.95694 0.00000 -0.29028
-0.95694 0.00000 -0.29028
-0.95694 0.00000 -0.29028
-0.88192 0.00000 -0.47140
-0.88192 0.00000 -0.47140
-0.88192 0.00000 -0.47140
-0.88192 0.00000 -0.47140
-0.77301 -0.00000 -0.63439
-0.77301 -0.00000 -0.63439
-0.77301 -0.00000 -0.63439
-0.77301 -0.00000 -0.63439
-0.63439 0.00000 -0.77301
-0.63439 0.00000 -0.77301
-0.63439 0.00000 -0.77301
-0.63439 0.00000 -0.77301
-0.47140 0.00000 -0.88192
-0.47140 0.00000 -0.88192
-0.47140 0.00000 -0.88192
-0.47140 0.00000 -0.88192
-0.29029 0.00000 -0.95694
-0.29029 0.00000 -0.95694
-0.29029 0.00000 -0.95694
-0.29029 0.00000 -0.95694
-0.09802 0.00000 -0.99518
-0.09802 0.00000 -0.99518
-0.09802 0.00000 -0.99518
-0.09802 0.00000 -0.99518
0.09801 0.00000 -0.99519
0.09801 0.00000 -0.99519
0.09801 0.00000 -0.99519
0.09801 0.00000 -0.99519
0.29028 0.00000 -0.95694
0.29028 0.00000 -0.95694
0.29028 0.00000 -0.95694
0.29028 0.00000 -0.95694
0.47139 -0.00000 -0.88192
0.47139 -0.00000 -0.88192
0.47139 -0.00000 -0.88192
0.47139 -0.00000 -0.88192
0.63439 -0.00000 -0.77301
0.63439 -0.00000 -0.77301
0.63439 -0.00000 -0.77301
0.63439 -0.00000 -0.77301
-0.00000 0.00000 1.00000
-0.00000 0.00000 1.00000
-0.00000 0.00000 1.00000
-0.00000 0.00000 1.00000
-0.00000 0.00000 1.00000
-0.00000 0.00000 1.00000
-0.00000 0.00000 1.00000
-0.00000 0.00000 1.00000

5.55511 9.74138
7.07047 8.49775
-0.00060 1.42669
-0.00060 1.42669
7.07046 8.49777
5.55509 9.74139
3.82624 10.66548
5.55511 9.74138
-0.00060 1.42669
-0.00060 1.42669
5.55509 9.74139
3.82622 10.66549
-0.00060 1.42669
1.95031 11.23454
3.82624 10.66548
-0.00060 1.42669
3.82622 10.66549
1.95029 11.23454
-0.00060 1.42669
-0.00060 11.42669
1.95031 11.23454
-0.00060 1.42669
1.95029 11.23454
-0.00062 11.42669
-0.00060 1.42669
-1.95150 11.23454
-0.00060 11.42669
-0.00060 1.42669
-0.00062 11.42669
-1.95152 11.23454
-0.00060 1.42669
-3.82743 10.66548
-1.95150 11.23454
-0.00060 1.42669
-1.95152 11.23454
-3.82745 10.66547
-0.00060 1.42669
-5.55630 9.74138
-3.82743 10.66548
-0.00060 1.42669
-3.82745 10.66547
-5.55631 9.74137
-0.00060 1.42669
-7.07166 8.49775
-5.55630 9.74138
-0.00060 1.42669
-5.55631 9.74137
-7.07167 8.49775
-0.00060 1.42669
-8.31529 6.98239
-7.07166 8.49775
-0.00060 1.42669
-7.07167 8.49775
-8.31530 6.98238
-0.00060 1.42669
-9.23939 5.25352
-8.31529 6.98239
-0.00060 1.42669
-8.31530 6.98238
-9.23939 5.25352
-0.00060 1.42669
-9.99934 3.37759
-9.23939 5.25352
-0.00060 1.42669
-9.23939 5.25352
-9.99934 3.37759
-0.00060 1.42669
-9.99934 1.42668
-9.99934 3.37759
-0.00060 1.42669
-9.99934 3.37759
-9.99934 1.42669
-0.00060 1.42669
-9.99934 -0.52422
-9.99934 1.42668
-0.00060 1.42669
-9.99934 1.42669
-9.99934 -0.52421
-0.00060 1.42669
-9.23939 -2.40015
-9.99934 -0.52422
-0.00060 1.42669
-9.99934 -0.52421
-9.23940 -2.40014
-0.00060 1.42669
-8.31529 -4.12902
-9.23939 -2.40015
-0.00060 1.42669
-9.23940 -2.40014
-8.31530 -4.12900
-0.00060 1.42669
-7.07166 -5.64439
-8.31529 -4.12902
-0.00060 1.42669
-8.31530 -4.12900
-7.07168 -5.64437
-0.00060 1.42669
-5.55629 -6.88801
-7.07166 -5.64439
-0.00060 1.42669
-7.07168 -5.64437
-5.55632 -6.88800
-0.00060 1.42669
-3.82742 -7.81211
-5.55629 -6.88801
-0.00060 1.42669
-5.55632 -6.88800
-3.82746 -7.81210
-0.00060 1.42669
-1.95149 -8.38117
-3.82742 -7.81211
-0.00060 1.42669
-3.82746 -7.81210
-1.95153 -8.38116
-0.00060 1.42669
-0.00059 -8.57331
-1.95149 -8.38117
-0.00060 1.42669
-1.95153 -8.38116
-0.00063 -8.57331
-0.00060 1.42669
1.95032 -8.38116
-0.00059 -8.57331
-0.00060 1.42669
-0.00063 -8.57331
1.95027 -8.38118
-0.00060 1.42669
3.82625 -7.81211
1.95032 -8.38116
-0.00060 1.42669
1.95027 -8.38118
3.82620 -7.81213
-0.00060 1.42669
5.55511 -6.88800
3.82625 -7.81211
-0.00060 1.42669
3.82620 -7.81213
5.55507 -6.88804
-0.00060 1.42669
7.07048 -5.64437
5.55511 -6.88800
-0.00060 1.42669
5.55507 -6.88804
7.07043 -5.64442
-0.00060 1.42669
8.31411 -4.12900
7.07048 -5.64437
-0.00060 1.42669
7.07043 -5.64442
8.31407 -4.12906
-0.00060 1.42669
9.23821 -2.40014
8.31411 -4.12900
-0.00060 1.42669
8.31407 -4.12906
9.23818 -2.40020
-0.00060 1.42669
9.80726 -0.52420
9.23821 -2.40014
-0.00060 1.42669
9.23818 -2.40020
9.80724 -0.52428
-0.00060 1.42669
9.99940 1.42670
9.80726 -0.52420
-0.00060 1.42669
9.80724 -0.52428
9.99940 1.42662
-0.00060 1.42669
9.80725 3.37761
9.99940 1.42670
-0.00060 1.42669
9.99940 1.42662
9.80727 3.37752
-0.00060 1.42669
9.23819 5.25354
9.80725 3.37761
-0.00060 1.42669
9.80727 3.37752
9.23823 5.25345
-0.00060 1.42669
8.31409 6.98240
9.23819 5.25354
-0.00060 1.42669
9.23823 5.25345
8.31415 6.98232
-0.00060 1.42669
7.07047 8.49775
8.31409 6.98240
-0.00060 1.42669
8.31415 6.98232
7.07046 8.49777
4.99940 -0.52421
1.12180 2.25816
1.27334 2.13379
-0.00060 -0.52422
0.37115 0.44590
0.18356 0.50281
-0.00060 3.37759
0.94892 2.35057
1.12180 2.25816
4.99940 -0.52421
1.56623 1.42669
1.54703 1.23160
-0.00060 3.37759
0.76133 2.40747
0.94892 2.35057
-0.00060 -0.52422
0.18356 0.50281
0.01195 0.59453
4.99940 -0.52421
0.76133 0.44590
0.56623 0.42669
4.99940 -0.52421
1.54703 1.62178
1.56623 1.42669
-0.00060 3.37759
0.56623 2.42669
0.76133 2.40747
4.99940 -0.52421
0.94892 0.50281
0.76133 0.44590
4.99940 -0.52421
1.49011 1.80937
1.54703 1.62178
-0.00060 3.37759
0.37115 2.40747
0.56623 2.42669
4.99940 -0.52421
1.12180 0.59522
0.94892 0.50281
4.99940 -0.52421
1.39770 1.98226
1.49011 1.80937
-0.00060 3.37759
0.18356 2.35057
0.37115 2.40747
4.99940 -0.52421
1.27334 0.71958
1.12180 0.59522
4.99940 -0.52421
1.27334 2.13379
1.39770 1.98226
-0.00060 3.37759
0.01195 2.25885
0.18356 2.35057
4.99940 -0.52421
1.39770 0.87112
1.27334 0.71958
4.99940 -0.52421
1.49011 1.04400
1.39770 0.87112
1.54703 1.23160
1.49011 1.04400
4.99940 -0.52421
-0.00060 -1.50225
-0.00060 -3.01761
4.99940 -3.01763
4.99940 -1.50226
-0.00060 -3.01761
-0.00060 -4.74648
4.99940 -4.74650
4.99940 -3.01763
-0.00060 -4.74648
-0.00060 -6.62241
4.99940 -6.62243
4.99940 -4.74650
-0.00060 -6.62241
-0.00060 -8.57331
4.99940 -8.57334
4.99940 -6.62243
-0.00060 -8.57331
-0.00060 -10.52422
4.99940 -10.52424
4.99940 -8.57334
-0.00060 9.47578
-0.00060 7.59985
4.99940 7.59983
4.99940 9.47576
-0.00060 7.59985
-0.00060 5.87098
4.99940 5.87097
4.99940 7.59983
-0.00060 5.87098
-0.00060 4.35562
4.99940 4.35561
4.99940 5.87097
-0.00060 8.49775
-0.00060 6.98239
4.99940 6.98238
4.99940 8.49775
-0.00060 6.98239
-0.00060 5.25352
4.99940 5.25352
4.99940 6.98238
-0.00060 5.25352
-0.00060 3.37759
4.99940 3.37759
4.99940 5.25352
-0.00060 -0.52422
-0.00060 -2.40015
4.99940 -2.40014
4.99940 -0.52421
-0.00060 -2.40015
-0.00060 -4.12902
4.99940 -4.12900
4.99940 -2.40014
-0.00060 -4.12902
-0.00060 -5.64439
4.99940 -5.64437
4.99940 -4.12900
-0.00060 4.35562
-0.00060 5.87099
4.99940 5.87096
4.99940 4.35560
-0.00060 5.87099
-0.00060 7.59986
4.99940 7.59982
4.99940 5.87096
-0.00060 7.59986
-0.00060 9.47579
4.99940 9.47575
4.99940 7.59982
-0.00060 9.47579
-0.00060 11.42669
4.99940 11.42665
4.99940 9.47575
-0.00060 -8.57331
-0.00060 -6.62240
4.99940 -6.62245
4.99940 -8.57335
-0.00060 -6.62240
-0.00060 -4.74647
4.99940 -4.74652
4.99940 -6.62245
-0.00060 -4.74647
-0.00060 -3.01760
4.99940 -3.01765
4.99940 -4.74652
-0.00060 -3.01760
-0.00060 -1.50224
4.99940 -1.50229
4.99940 -3.01765
-0.00060 -5.64437
-0.00060 -4.12900
4.99940 -4.12906
4.99940 -5.64442
-0.00060 -4.12900
-0.00060 -2.40014
4.99940 -2.40020
4.99940 -4.12906
-0.00060 -2.40014
-0.00060 -0.52420
4.99940 -0.52428
4.99940 -2.40020
-0.00060 -0.52420
-0.00060 1.42670
4.99940 1.42662
4.99940 -0.52428
-0.00060 1.42670
-0.00060 3.37761
4.99940 3.37752
4.99940 1.42662
-0.00060 3.37761
-0.00060 5.25354
4.99940 5.25345
4.99940 3.37752
-0.00060 5.25354
-0.00060 6.98240
4.99940 6.98232
4.99940 5.25345
-0.00060 6.98240
-0.00060 8.49775
4.99940 8.49777
4.99940 6.98232
-0.00060 3.37759
1.12180 2.25816
4.99940 -0.52421
4.99940 3.37759
4.99940 -0.52421
0.56623 0.42669
0.37115 0.44590
-0.00060 -0.52422

149
0 1 2
3 4 5
6 7 8
9 10 11
12 13 14
15 16 17
18 19 20
21 22 23
24 25 26
27 28 29
30 31 32
33 34 35
36 37 38
39 40 41
42 43 44
45 46 47
48 49 50
51 52 53
54 55 56
57 58 59
60 61 62
63 64 65
66 67 68
69 70 71
72 73 74
75 76 77
78 79 80
81 82 83
84 85 86
87 88 89
90 91 92
93 94 95
96 97 98
99 100 101
102 103 104
105 106 107
108 109 110
111 112 113
114 115 116
117 118 119
120 121 122
123 124 125
126 127 128
129 130 131
132 133 134
135 136 137
138 139 140
141 142 143
144 145 146
147 148 149
150 151 152
153 154 155
156 157 158
159 160 161
162 163 164
165 166 167
168 169 170
171 172 173
174 175 176
177 178 179
180 181 182
183 184 185
186 187 188
189 190 191
192 193 194
195 196 197
198 199 200
201 202 203
204 205 206
207 208 209
210 211 212
213 214 215
216 217 218
219 220 221
222 223 224
225 226 227
228 229 230
231 232 233
234 235 236
237 238 239
240 241 242
243 244 245
246 247 248
249 250 251
252 253 254
255 256 257
255 257 258
259 260 261
259 261 262
263 264 265
263 265 266
267 268 269
267 269 270
271 272 273
271 273 274
275 276 277
275 277 278
279 280 281
279 281 282
283 284 285
283 285 286
287 288 289
287 289 290
291 292 293
291 293 294
295 296 297
295 297 298
299 300 301
299 301 302
303 304 305
303 305 306
307 308 309
307 309 310
311 312 313
311 313 314
315 316 317
315 317 318
319 320 321
319 321 322
323 324 325
323 325 326
327 328 329
327 329 330
331 332 333
331 333 334
335 336 337
335 337 338
339 340 341
339 341 342
343 344 345
343 345 346
347 348 349
347 349 350
351 352 353
351 353 354
355 356 357
355 357 358
359 360 361
359 361 362
363 364 365
363 365 366
367 368 369
367 369 370
371 372 373
371 373 374
375 376 377
375 377 378
379 380 381
379 381 382

