1
wood
551
-1.27279 -0.12721 -0.30000
-1.49665 -0.39997 -0.30000
-1.27279 -0.12721 -0.50000
1.84776 -2.16537 -0.30000
1.76541 -1.75116 -0.30000
1.66298 -2.08883 -0.30000
1.96157 -1.79018 -0.30000
1.80000 -1.40000 -0.30000
1.76541 -1.75116 -0.30000
2.00000 -1.40000 -0.30000
1.76541 -1.04884 -0.30000
1.80000 -1.40000 -0.30000
1.96157 -1.00982 -0.30000
1.66298 -0.71117 -0.30000
1.76541 -1.04884 -0.30000
1.84776 -0.63463 -0.30000
1.49665 -0.39998 -0.30000
1.66298 -0.71117 -0.30000
1.66294 -0.28886 -0.30000
1.27279 -0.12721 -0.30000
1.49665 -0.39998 -0.30000
1.41421 0.01422 -0.30000
1.00003 0.09664 -0.30000
1.27279 -0.12721 -0.30000
1.11114 0.26294 -0.30000
0.68883 0.26298 -0.30000
1.00003 0.09664 -0.30000
0.76536 0.44776 -0.30000
0.35117 0.36541 -0.30000
0.68883 0.26298 -0.30000
0.39018 0.56157 -0.30000
0.00000 0.40000 -0.30000
0.35117 0.36541 -0.30000
-0.00000 0.60000 -0.30000
-0.35116 0.36541 -0.30000
0.00000 0.40000 -0.30000
-0.39018 0.56157 -0.30000
-0.68883 0.26298 -0.30000
-0.35116 0.36541 -0.30000
-0.76537 0.44776 -0.30000
-1.00002 0.09665 -0.30000
-0.68883 0.26298 -0.30000
-1.76541 -1.04884 -0.30000
-1.66298 -0.71117 -0.30000
-1.96157 -1.00982 -0.30000
-1.66298 -2.08883 -0.30000
-1.76541 -1.75116 -0.30000
-1.84776 -2.16537 -0.30000
-1.49665 -0.39997 -0.30000
-1.49665 -0.39998 -0.50000
-1.33547 -0.20358 -0.50000
-1.66298 -0.71117 -0.30000
-1.49665 -0.39997 -0.30000
-1.84776 -0.63463 -0.30000
-1.76541 -1.75116 -0.30000
-1.80000 -1.40000 -0.30000
-1.96157 -1.79018 -0.30000
1.49664 -2.40003 -0.30000
1.41460 -2.50000 -0.30000
1.47675 -2.50000 -0.30000
-1.49664 -2.40003 -0.30000
-1.47675 -2.50000 -0.30000
-1.41460 -2.50000 -0.30000
1.66294 -2.50000 -0.30000
1.66889 -2.50000 -0.30000
1.84776 -2.16537 -0.30000
-1.49664 -2.40003 -0.30000
-1.66889 -2.50000 -0.30000
-1.64627 -2.50000 -0.30000
1.41460 -2.50000 -0.30000
1.49664 -2.40003 -0.30000
1.41460 -2.50000 -0.37330
-1.49664 -2.40003 -0.50000
-1.41460 -2.50000 -0.30000
-1.41460 -2.50000 -0.42670
-1.41460 -2.50000 -0.50000
-1.49664 -2.40003 -0.50000
-1.41460 -2.50000 -0.42670
-1.47675 -2.50000 -0.30000
-1.66889 -2.50000 -0.30000
-1.41460 -2.50000 -0.30000
-1.47675 -2.50000 -0.30000
-1.64627 -2.50000 -0.30000
-1.66889 -2.50000 -0.30000
1.49664 -2.40003 -0.30000
1.41460 -2.50000 -0.50000
1.41460 -2.50000 -0.37330
1.41460 -2.50000 -0.37330
1.41460 -2.50000 -0.50000
1.41460 -2.50000 -0.30000
-1.49665 -0.39997 -0.30000
-1.66294 -0.28886 -0.30000
-1.84776 -0.63463 -0.30000
-1.84776 -0.63463 -0.30000
-1.96157 -1.00982 -0.30000
-1.66298 -0.71117 -0.30000
-1.80000 -1.40000 -0.30000
-2.00000 -1.40000 -0.30000
-1.96157 -1.79018 -0.30000
-1.96157 -1.79018 -0.30000
-1.84776 -2.16537 -0.30000
-1.76541 -1.75116 -0.30000
1.49664 -2.40003 -0.30000
1.49664 -2.40003 -0.50000
1.41460 -2.50000 -0.50000
1.66298 -2.08883 -0.30000
1.66298 -2.08883 -0.50000
1.49664 -2.40003 -0.30000
1.76541 -1.75116 -0.30000
1.76541 -1.75117 -0.50000
1.66298 -2.08883 -0.50000
1.80000 -1.40000 -0.30000
1.80000 -1.40001 -0.50000
1.76541 -1.75116 -0.30000
1.76541 -1.04884 -0.30000
1.76541 -1.04884 -0.50000
1.80000 -1.40000 -0.30000
1.66298 -0.71117 -0.30000
1.66299 -0.71118 -0.50000
1.76541 -1.04884 -0.30000
1.49665 -0.39998 -0.30000
1.49665 -0.39998 -0.50000
1.66298 -0.71117 -0.30000
1.27279 -0.12721 -0.30000
1.27280 -0.12721 -0.50000
1.49665 -0.39998 -0.30000
1.00003 0.09664 -0.30000
1.00003 0.09664 -0.50000
1.27279 -0.12721 -0.30000
0.68883 0.26298 -0.30000
0.68884 0.26298 -0.50000
1.00003 0.09664 -0.50000
0.35117 0.36541 -0.30000
0.35117 0.36541 -0.50000
0.68883 0.26298 -0.30000
0.00000 0.40000 -0.30000
0.00001 0.40000 -0.50000
0.35117 0.36541 -0.30000
-0.35116 0.36541 -0.30000
-0.35115 0.36542 -0.50000
0.00000 0.40000 -0.30000
-0.68883 0.26298 -0.30000
-0.68882 0.26299 -0.50000
-0.35116 0.36541 -0.30000
-1.49664 -2.40003 -0.50000
-1.49664 -2.40003 -0.30000
-1.41460 -2.50000 -0.30000
1.66298 -2.08883 -0.30000
1.66294 -2.50000 -0.30000
1.84776 -2.16537 -0.30000
1.76541 -1.75116 -0.30000
1.84776 -2.16537 -0.30000
1.96157 -1.79018 -0.30000
1.80000 -1.40000 -0.30000
1.96157 -1.79018 -0.30000
2.00000 -1.40000 -0.30000
1.76541 -1.04884 -0.30000
2.00000 -1.40000 -0.30000
1.96157 -1.00982 -0.30000
1.66298 -0.71117 -0.30000
1.96157 -1.00982 -0.30000
1.84776 -0.63463 -0.30000
1.49665 -0.39998 -0.30000
1.84776 -0.63463 -0.30000
1.66294 -0.28886 -0.30000
1.27279 -0.12721 -0.30000
1.66294 -0.28886 -0.30000
1.41421 0.01422 -0.30000
1.00003 0.09664 -0.30000
1.41421 0.01422 -0.30000
1.11114 0.26294 -0.30000
0.68883 0.26298 -0.30000
1.11114 0.26294 -0.30000
0.76536 0.44776 -0.30000
0.35117 0.36541 -0.30000
0.76536 0.44776 -0.30000
0.39018 0.56157 -0.30000
0.00000 0.40000 -0.30000
0.39018 0.56157 -0.30000
-0.00000 0.60000 -0.30000
-0.35116 0.36541 -0.30000
-0.00000 0.60000 -0.30000
-0.39018 0.56157 -0.30000
-0.68883 0.26298 -0.30000
-0.39018 0.56157 -0.30000
-0.76537 0.44776 -0.30000
-1.00002 0.09665 -0.30000
-0.76537 0.44776 -0.30000
-1.11114 0.26294 -0.30000
-1.27279 -0.12721 -0.30000
-1.27279 -0.12721 -0.50000
-1.00002 0.09665 -0.30000
-1.76541 -1.04884 -0.50000
-1.66298 -0.71117 -0.30000
-1.76541 -1.04884 -0.30000
-1.49665 -0.39998 -0.50000
-1.49665 -0.39997 -0.30000
-1.66298 -0.71117 -0.30000
-1.66298 -0.71117 -0.30000
-1.66298 -0.71117 -0.50000
-1.49665 -0.39998 -0.50000
-1.66298 -0.71117 -0.30000
-1.76541 -1.04884 -0.50000
-1.66298 -0.71117 -0.50000
-1.66298 -2.08883 -0.50000
-1.76541 -1.75116 -0.30000
-1.66298 -2.08883 -0.30000
-1.80000 -1.40000 -0.50000
-1.80000 -1.40000 -0.30000
-1.76541 -1.75116 -0.30000
-1.76541 -1.75116 -0.30000
-1.76541 -1.75117 -0.50000
-1.80000 -1.40000 -0.50000
-1.76541 -1.75116 -0.30000
-1.66298 -2.08883 -0.50000
-1.76541 -1.75117 -0.50000
-1.00002 0.09665 -0.30000
-1.00001 0.09665 -0.50000
-0.68883 0.26298 -0.30000
-1.49665 -0.39997 -0.30000
-1.27279 -0.12721 -0.30000
-1.41421 0.01421 -0.30000
-1.66294 -0.28886 -0.30000
-1.49665 -0.39997 -0.30000
-1.33547 -0.20358 -0.50000
-1.27279 -0.12721 -0.50000
-1.80000 -1.40000 -0.30000
-1.76541 -1.04884 -0.30000
-1.96157 -1.00982 -0.30000
-2.00000 -1.40000 -0.30000
-1.76541 -1.04884 -0.50000
-1.76541 -1.04884 -0.30000
-1.80000 -1.40000 -0.30000
-1.49664 -2.40003 -0.30000
-1.66298 -2.08883 -0.30000
-1.84776 -2.16537 -0.30000
-1.66889 -2.50000 -0.30000
-1.66298 -2.08883 -0.50000
-1.66298 -2.08883 -0.30000
-1.49664 -2.40003 -0.30000
-1.27279 -0.12721 -0.30000
-1.00002 0.09665 -0.30000
-1.11114 0.26294 -0.30000
-1.41421 0.01421 -0.30000
1.49664 -2.40003 -0.30000
1.66298 -2.08883 -0.50000
1.49664 -2.40003 -0.50000
1.66298 -2.08883 -0.30000
1.76541 -1.75116 -0.30000
1.66298 -2.08883 -0.50000
1.76541 -1.75116 -0.30000
1.80000 -1.40001 -0.50000
1.76541 -1.75117 -0.50000
1.80000 -1.40000 -0.30000
1.76541 -1.04884 -0.50000
1.80000 -1.40001 -0.50000
1.76541 -1.04884 -0.30000
1.66299 -0.71118 -0.50000
1.76541 -1.04884 -0.50000
1.66298 -0.71117 -0.30000
1.49665 -0.39998 -0.50000
1.66299 -0.71118 -0.50000
1.49665 -0.39998 -0.30000
1.27280 -0.12721 -0.50000
1.49665 -0.39998 -0.50000
1.27279 -0.12721 -0.30000
1.00003 0.09664 -0.50000
1.27280 -0.12721 -0.50000
1.00003 0.09664 -0.30000
0.68883 0.26298 -0.30000
1.00003 0.09664 -0.50000
0.68883 0.26298 -0.30000
0.35117 0.36541 -0.50000
0.68884 0.26298 -0.50000
0.35117 0.36541 -0.30000
0.00001 0.40000 -0.50000
0.35117 0.36541 -0.50000
0.00000 0.40000 -0.30000
-0.35115 0.36542 -0.50000
0.00001 0.40000 -0.50000
-0.35116 0.36541 -0.30000
-0.68882 0.26299 -0.50000
-0.35115 0.36542 -0.50000
-0.68883 0.26298 -0.30000
-1.00001 0.09665 -0.50000
-0.68882 0.26299 -0.50000
-1.00002 0.09665 -0.30000
-1.27279 -0.12721 -0.50000
-1.00001 0.09665 -0.50000
-1.80000 -1.40000 -0.50000
-1.76541 -1.04884 -0.50000
-1.80000 -1.40000 -0.30000
-1.49664 -2.40003 -0.50000
-1.66298 -2.08883 -0.50000
-1.49664 -2.40003 -0.30000
1.49664 -2.40003 -0.30000
1.64627 -2.50000 -0.30000
1.66294 -2.50000 -0.30000
1.66298 -2.08883 -0.30000
1.49664 -2.40003 -0.30000
1.47675 -2.50000 -0.30000
1.64627 -2.50000 -0.30000
-1.49664 -2.40003 -0.30000
-1.64627 -2.50000 -0.30000
-1.47675 -2.50000 -0.30000
-4.00000 -2.50000 0.50000
-1.66889 -2.50000 0.50000
-1.84776 -2.16537 0.50000
-4.00000 2.50000 0.50000
-1.84776 -0.63463 0.50000
-1.66294 -0.28886 0.50000
-4.00000 -2.50000 0.50000
-1.84776 -2.16537 0.50000
-1.96157 -1.79018 0.50000
-4.00000 2.50000 0.50000
-1.96157 -1.00982 0.50000
-1.84776 -0.63463 0.50000
-1.66294 -0.28886 -0.50000
-1.84776 -0.63463 -0.50000
-4.00000 -2.50000 -0.50000
-1.84776 -2.16537 -0.50000
-1.66889 -2.50000 -0.50000
-4.00000 -2.50000 -0.50000
-2.00000 -1.40000 0.50000
-4.00000 -2.50000 0.50000
-1.96157 -1.79018 0.50000
4.00000 -2.50000 0.50000
1.96157 -1.79018 0.50000
1.84776 -2.16537 0.50000
4.00000 2.50000 0.50000
1.96157 -1.00982 0.50000
2.00000 -1.40000 0.50000
-4.00000 2.50000 0.50000
-1.11114 0.26294 0.50000
-0.76537 0.44776 0.50000
0.39018 0.56157 0.50000
0.76537 0.44776 0.50000
4.00000 2.50000 0.50000
-1.84776 -0.63463 -0.50000
-1.96157 -1.00982 -0.50000
-4.00000 -2.50000 -0.50000
4.00000 2.50000 -0.50000
0.76537 0.44776 -0.50000
0.39019 0.56157 -0.50000
-1.96157 -1.79018 -0.50000
-1.84776 -2.16537 -0.50000
-4.00000 -2.50000 -0.50000
-4.00000 -2.50000 -0.50000
-2.00000 -1.40000 -0.50000
-1.96157 -1.79018 -0.50000
-1.66294 -0.28886 0.50000
-1.41421 0.01421 0.50000
-4.00000 2.50000 0.50000
-0.76537 0.44776 0.50000
-0.39018 0.56157 0.50000
-4.00000 2.50000 0.50000
0.00000 0.60000 0.50000
0.39018 0.56157 0.50000
4.00000 2.50000 0.50000
4.00000 2.50000 0.50000
1.66294 -0.28886 0.50000
1.84776 -0.63463 0.50000
-0.76536 0.44776 -0.50000
-1.11114 0.26294 -0.50000
-4.00000 2.50000 -0.50000
-4.00000 2.50000 -0.50000
-0.39018 0.56157 -0.50000
-0.76536 0.44776 -0.50000
-4.00000 -2.50000 -0.50000
-1.96157 -1.00982 -0.50000
-2.00000 -1.40000 -0.50000
1.84776 -2.16537 0.50000
1.66889 -2.50000 0.50000
4.00000 -2.50000 0.50000
-1.41421 0.01421 0.50000
-1.11114 0.26294 0.50000
-4.00000 2.50000 0.50000
4.00000 2.50000 0.50000
1.11114 0.26294 0.50000
1.41421 0.01421 0.50000
1.84776 -0.63463 0.50000
1.96157 -1.00982 0.50000
4.00000 2.50000 0.50000
-4.00000 2.50000 -0.50000
-1.11114 0.26294 -0.50000
-1.41421 0.01421 -0.50000
4.00000 2.50000 -0.50000
0.39019 0.56157 -0.50000
0.00001 0.60000 -0.50000
1.84776 -0.63464 -0.50000
1.66294 -0.28886 -0.50000
4.00000 2.50000 -0.50000
1.66889 -2.50000 -0.50000
1.84776 -2.16537 -0.50000
4.00000 -2.50000 -0.50000
1.41421 0.01421 0.50000
1.66294 -0.28886 0.50000
4.00000 2.50000 0.50000
1.41422 0.01421 -0.50000
1.11114 0.26294 -0.50000
4.00000 2.50000 -0.50000
4.00000 2.50000 -0.50000
1.66294 -0.28886 -0.50000
1.41422 0.01421 -0.50000
4.00000 2.50000 -0.50000
1.96157 -1.79018 -0.50000
2.00000 -1.40000 -0.50000
0.76537 0.44776 0.50000
1.11114 0.26294 0.50000
4.00000 2.50000 0.50000
4.00000 2.50000 -0.50000
1.11114 0.26294 -0.50000
0.76537 0.44776 -0.50000
4.00000 2.50000 -0.50000
2.00000 -1.40000 -0.50000
1.96157 -1.00982 -0.50000
4.00000 2.50000 -0.50000
1.96157 -1.00982 -0.50000
1.84776 -0.63464 -0.50000
4.00000 2.50000 0.50000
4.00000 2.50000 -0.50000
-4.00000 2.50000 -0.50000
-4.00000 2.50000 0.50000
-4.00000 -2.50000 -0.50000
-4.00000 -2.50000 0.50000
-4.00000 2.50000 0.50000
-4.00000 2.50000 -0.50000
4.00000 2.50000 -0.50000
4.00000 2.50000 0.50000
4.00000 -2.50000 0.50000
4.00000 -2.50000 -0.50000
-4.00000 2.50000 -0.50000
-1.41421 0.01421 -0.50000
-1.66294 -0.28886 -0.50000
-4.00000 -2.50000 -0.50000
4.00000 2.50000 0.50000
2.00000 -1.40000 0.50000
1.96157 -1.79018 0.50000
4.00000 -2.50000 0.50000
-4.00000 2.50000 0.50000
-4.00000 -2.50000 0.50000
-2.00000 -1.40000 0.50000
-1.96157 -1.00982 0.50000
-1.66889 -2.50000 0.50000
-4.00000 -2.50000 0.50000
-4.00000 -2.50000 -0.50000
-1.66889 -2.50000 -0.50000
-1.84776 -0.63463 0.50000
-1.84776 -0.63463 -0.50000
-1.66294 -0.28886 -0.50000
-1.66294 -0.28886 0.50000
0.00001 0.60000 -0.50000
-0.39018 0.56157 -0.50000
-4.00000 2.50000 -0.50000
4.00000 2.50000 -0.50000
1.66889 -2.50000 0.50000
1.66889 -2.50000 -0.50000
4.00000 -2.50000 -0.50000
4.00000 -2.50000 0.50000
-1.84776 -2.16537 0.50000
-1.84776 -2.16537 -0.50000
-1.96157 -1.79018 -0.50000
-1.96157 -1.79018 0.50000
-0.39018 0.56157 0.50000
0.00000 0.60000 0.50000
4.00000 2.50000 0.50000
-4.00000 2.50000 0.50000
-0.39018 0.56157 0.50000
-0.39018 0.56157 -0.50000
0.00001 0.60000 -0.50000
0.00000 0.60000 0.50000
1.84776 -2.16537 -0.50000
1.96157 -1.79018 -0.50000
4.00000 2.50000 -0.50000
4.00000 -2.50000 -0.50000
-1.96157 -1.79018 -0.50000
-2.00000 -1.40000 -0.50000
-2.00000 -1.40000 0.50000
-1.96157 -1.79018 0.50000
-1.11114 0.26294 0.50000
-1.11114 0.26294 -0.50000
-0.76536 0.44776 -0.50000
-0.76537 0.44776 0.50000
0.76537 0.44776 -0.50000
0.76537 0.44776 0.50000
0.39018 0.56157 0.50000
0.39019 0.56157 -0.50000
-1.41421 0.01421 0.50000
-1.66294 -0.28886 0.50000
-1.66294 -0.28886 -0.50000
-1.41421 0.01421 -0.50000
-0.76536 0.44776 -0.50000
-0.39018 0.56157 -0.50000
-0.39018 0.56157 0.50000
-0.76537 0.44776 0.50000
0.00001 0.60000 -0.50000
0.39019 0.56157 -0.50000
0.39018 0.56157 0.50000
0.00000 0.60000 0.50000
1.66294 -0.28886 0.50000
1.66294 -0.28886 -0.50000
1.84776 -0.63464 -0.50000
1.84776 -0.63463 0.50000
-2.00000 -1.40000 0.50000
-2.00000 -1.40000 -0.50000
-1.96157 -1.00982 -0.50000
-1.96157 -1.00982 0.50000
-1.96157 -1.00982 -0.50000
-1.84776 -0.63463 -0.50000
-1.84776 -0.63463 0.50000
-1.96157 -1.00982 0.50000
-1.66889 -2.50000 -0.50000
-1.84776 -2.16537 -0.50000
-1.84776 -2.16537 0.50000
-1.66889 -2.50000 0.50000
-1.41421 0.01421 -0.50000
-1.11114 0.26294 -0.50000
-1.11114 0.26294 0.50000
-1.41421 0.01421 0.50000
1.11114 0.26294 0.50000
1.11114 0.26294 -0.50000
1.41422 0.01421 -0.50000
1.41421 0.01421 0.50000
1.84776 -0.63464 -0.50000
1.96157 -1.00982 -0.50000
1.96157 -1.00982 0.50000
1.84776 -0.63463 0.50000
2.00000 -1.40000 -0.50000
1.96157 -1.79018 -0.50000
1.96157 -1.79018 0.50000
2.00000 -1.40000 0.50000
1.66889 -2.50000 0.50000
1.84776 -2.16537 0.50000
1.84776 -2.16537 -0.50000
1.66889 -2.50000 -0.50000
1.41422 0.01421 -0.50000
1.66294 -0.28886 -0.50000
1.66294 -0.28886 0.50000
1.41421 0.01421 0.50000
1.96157 -1.79018 -0.50000
1.84776 -2.16537 -0.50000
1.84776 -2.16537 0.50000
1.96157 -1.79018 0.50000
1.96157 -1.00982 -0.50000
2.00000 -1.40000 -0.50000
2.00000 -1.40000 0.50000
1.96157 -1.00982 0.50000
0.76537 0.44776 -0.50000
1.11114 0.26294 -0.50000
1.11114 0.26294 0.50000
0.76537 0.44776 0.50000

0.77301 -0.63439 -0.00000
0.77301 -0.63439 -0.00000
0.77301 -0.63439 -0.00000
0.00000 -0.00000 1.00000
0.00000 -0.00000 1.00000
0.00000 -0.00000 1.00000
-0.00000 -0.00000 1.00000
-0.00000 -0.00000 1.00000
-0.00000 -0.00000 1.00000
-0.00000 -0.00000 1.00000
-0.00000 -0.00000 1.00000
-0.00000 -0.00000 1.00000
-0.00000 -0.00000 1.00000
-0.00000 -0.00000 1.00000
-0.00000 -0.00000 1.00000
-0.00000 0.00000 1.00000
-0.00000 0.00000 1.00000
-0.00000 0.00000 1.00000
0.00000 0.00000 1.00000
0.00000 0.00000 1.00000
0.00000 0.00000 1.00000
0.00000 -0.00000 1.00000
0.00000 -0.00000 1.00000
0.00000 -0.00000 1.00000
-0.00000 0.00000 1.00000
-0.00000 0.00000 1.00000
-0.00000 0.00000 1.00000
-0.00000 -0.00000 1.00000
-0.00000 -0.00000 1.00000
-0.00000 -0.00000 1.00000
-0.00000 -0.00000 1.00000
-0.00000 -0.00000 1.00000
-0.00000 -0.00000 1.00000
0.00000 -0.00000 1.00000
0.00000 -0.00000 1.00000
0.00000 -0.00000 1.00000
0.00000 -0.00000 1.00000
0.00000 -0.00000 1.00000
0.00000 -0.00000 1.00000
0.00000 0.00000 1.00000
0.00000 0.00000 1.00000
0.00000 0.00000 1.00000
0.00000 -0.00000 1.00000
0.00000 -0.00000 1.00000
0.00000 -0.00000 1.00000
0.00000 -0.00000 1.00000
0.00000 -0.00000 1.00000
0.00000 -0.00000 1.00000
0.77301 -0.63439 0.00000
0.77301 -0.63439 0.00000
0.77301 -0.63439 0.00000
0.00000 0.00000 1.00000
0.00000 0.00000 1.00000
0.00000 0.00000 1.00000
0.00000 -0.00000 1.00000
0.00000 -0.00000 1.00000
0.00000 -0.00000 1.00000
-0.00000 -0.00000 1.00000
-0.00000 -0.00000 1.00000
-0.00000 -0.00000 1.00000
-0.00000 -0.00000 1.00000
-0.00000 -0.00000 1.00000
-0.00000 -0.00000 1.00000
-0.00000 -0.00000 1.00000
-0.00000 -0.00000 1.00000
-0.00000 -0.00000 1.00000
-0.00000 -0.00000 1.00000
-0.00000 -0.00000 1.00000
-0.00000 -0.00000 1.00000
-0.77301 0.63439 0.00000
-0.77301 0.63439 0.00000
-0.77301 0.63439 0.00000
0.77301 0.63439 0.00000
0.77301 0.63439 0.00000
0.77301 0.63439 0.00000
0.77301 0.63439 0.00000
0.77301 0.63439 0.00000
0.77301 0.63439 0.00000
-0.00000 0.00000 0.00000
-0.00000 0.00000 0.00000
-0.00000 0.00000 0.00000
-0.00000 0.00000 0.00000
-0.00000 0.00000 0.00000
-0.00000 0.00000 0.00000
-0.77301 0.63439 -0.00000
-0.77301 0.63439 -0.00000
-0.77301 0.63439 -0.00000
0.00000 -1.00000 0.00000
0.00000 -1.00000 0.00000
0.00000 -1.00000 0.00000
0.00000 0.00000 1.00000
0.00000 0.00000 1.00000
0.00000 0.00000 1.00000
-0.00000 -0.00000 1.00000
-0.00000 -0.00000 1.00000
-0.00000 -0.00000 1.00000
0.00000 -0.00000 1.00000
0.00000 -0.00000 1.00000
0.00000 -0.00000 1.00000
0.00000 -0.00000 1.00000
0.00000 -0.00000 1.00000
0.00000 -0.00000 1.00000
-0.77301 0.63439 0.00000
-0.77301 0.63439 0.00000
-0.77301 0.63439 0.00000
-0.88192 0.47140 -0.00000
-0.88192 0.47140 -0.00000
-0.88192 0.47140 -0.00000
-0.95694 0.29029 -0.00000
-0.95694 0.29029 -0.00000
-0.95694 0.29029 -0.00000
-0.99518 0.09802 -0.00000
-0.99518 0.09802 -0.00000
-0.99518 0.09802 -0.00000
-0.99518 -0.09802 -0.00000
-0.99518 -0.09802 -0.00000
-0.99518 -0.09802 -0.00000
-0.95694 -0.29028 -0.00000
-0.95694 -0.29028 -0.00000
-0.95694 -0.29028 -0.00000
-0.88192 -0.47140 -0.00000
-0.88192 -0.47140 -0.00000
-0.88192 -0.47140 -0.00000
-0.77301 -0.63439 -0.00000
-0.77301 -0.63439 -0.00000
-0.77301 -0.63439 -0.00000
-0.63439 -0.77301 -0.00000
-0.63439 -0.77301 -0.00000
-0.63439 -0.77301 -0.00000
-0.47140 -0.88192 -0.00000
-0.47140 -0.88192 -0.00000
-0.47140 -0.88192 -0.00000
-0.29029 -0.95694 -0.00000
-0.29029 -0.95694 -0.00000
-0.29029 -0.95694 -0.00000
-0.09802 -0.99518 -0.00000
-0.09802 -0.99518 -0.00000
-0.09802 -0.99518 -0.00000
0.09802 -0.99518 -0.00000
0.09802 -0.99518 -0.00000
0.09802 -0.99518 -0.00000
0.29028 -0.95694 -0.00000
0.29028 -0.95694 -0.00000
0.29028 -0.95694 -0.00000
0.77301 0.63439 0.00000
0.77301 0.63439 0.00000
0.77301 0.63439 0.00000
0.00000 -0.00000 1.00000
0.00000 -0.00000 1.00000
0.00000 -0.00000 1.00000
-0.00000 -0.00000 1.00000
-0.00000 -0.00000 1.00000
-0.00000 -0.00000 1.00000
-0.00000 -0.00000 1.00000
-0.00000 -0.00000 1.00000
-0.00000 -0.00000 1.00000
-0.00000 -0.00000 1.00000
-0.00000 -0.00000 1.00000
-0.00000 -0.00000 1.00000
-0.00000 -0.00000 1.00000
-0.00000 -0.00000 1.00000
-0.00000 -0.00000 1.00000
-0.00000 0.00000 1.00000
-0.00000 0.00000 1.00000
-0.00000 0.00000 1.00000
0.00000 -0.00000 1.00000
0.00000 -0.00000 1.00000
0.00000 -0.00000 1.00000
0.00000 0.00000 1.00000
0.00000 0.00000 1.00000
0.00000 0.00000 1.00000
-0.00000 -0.00000 1.00000
-0.00000 -0.00000 1.00000
-0.00000 -0.00000 1.00000
-0.00000 -0.00000 1.00000
-0.00000 -0.00000 1.00000
-0.00000 -0.00000 1.00000
-0.00000 -0.00000 1.00000
-0.00000 -0.00000 1.00000
-0.00000 -0.00000 1.00000
0.00000 -0.00000 1.00000
0.00000 -0.00000 1.00000
0.00000 -0.00000 1.00000
-0.00000 -0.00000 1.00000
-0.00000 -0.00000 1.00000
-0.00000 -0.00000 1.00000
-0.00000 0.00000 1.00000
-0.00000 0.00000 1.00000
-0.00000 0.00000 1.00000
0.63439 -0.77301 0.00000
0.63439 -0.77301 0.00000
0.63439 -0.77301 0.00000
0.95694 -0.29028 0.00000
0.95694 -0.29028 0.00000
0.95694 -0.29028 0.00000
0.88192 -0.47140 -0.00000
0.88192 -0.47140 -0.00000
0.88192 -0.47140 -0.00000
0.88192 -0.47140 0.00000
0.88192 -0.47140 0.00000
0.88192 -0.47140 0.00000
0.95694 -0.29028 -0.00000
0.95694 -0.29028 -0.00000
0.95694 -0.29028 -0.00000
0.95694 0.29028 0.00000
0.95694 0.29028 0.00000
0.95694 0.29028 0.00000
0.99518 0.09802 -0.00000
0.99518 0.09802 -0.00000
0.99518 0.09802 -0.00000
0.99518 0.09802 0.00000
0.99518 0.09802 0.00000
0.99518 0.09802 0.00000
0.95694 0.29029 -0.00000
0.95694 0.29029 -0.00000
0.95694 0.29029 -0.00000
0.47140 -0.88192 -0.00000
0.47140 -0.88192 -0.00000
0.47140 -0.88192 -0.00000
0.00000 -0.00000 1.00000
0.00000 -0.00000 1.00000
0.00000 -0.00000 1.00000
0.00000 -0.00000 1.00000
0.77301 -0.63439 0.00000
0.77301 -0.63439 0.00000
0.77301 -0.63439 0.00000
0.00000 -0.00000 1.00000
0.00000 -0.00000 1.00000
0.00000 -0.00000 1.00000
0.00000 -0.00000 1.00000
0.99518 -0.09802 -0.00000
0.99518 -0.09802 -0.00000
0.99518 -0.09802 -0.00000
0.00000 -0.00000 1.00000
0.00000 -0.00000 1.00000
0.00000 -0.00000 1.00000
0.00000 -0.00000 1.00000
0.88192 0.47140 0.00000
0.88192 0.47140 0.00000
0.88192 0.47140 0.00000
-0.00000 -0.00000 1.00000
-0.00000 -0.00000 1.00000
-0.00000 -0.00000 1.00000
-0.00000 -0.00000 1.00000
-0.88192 0.47140 0.00000
-0.88192 0.47140 0.00000
-0.88192 0.47140 0.00000
-0.95694 0.29029 0.00000
-0.95694 0.29029 0.00000
-0.95694 0.29029 0.00000
-0.99518 0.09802 0.00000
-0.99518 0.09802 0.00000
-0.99518 0.09802 0.00000
-0.99519 -0.09801 0.00000
-0.99519 -0.09801 0.00000
-0.99519 -0.09801 0.00000
-0.95694 -0.29028 0.00000
-0.95694 -0.29028 0.00000
-0.95694 -0.29028 0.00000
-0.88192 -0.47139 0.00001
-0.88192 -0.47139 0.00001
-0.88192 -0.47139 0.00001
-0.77301 -0.63439 0.00001
-0.77301 -0.63439 0.00001
-0.77301 -0.63439 0.00001
-0.63440 -0.77301 0.00001
-0.63440 -0.77301 0.00001
-0.63440 -0.77301 0.00001
-0.47140 -0.88192 0.00001
-0.47140 -0.88192 0.00001
-0.47140 -0.88192 0.00001
-0.29029 -0.95694 0.00001
-0.29029 -0.95694 0.00001
-0.29029 -0.95694 0.00001
-0.09802 -0.99518 0.00001
-0.09802 -0.99518 0.00001
-0.09802 -0.99518 0.00001
0.09801 -0.99519 0.00001
0.09801 -0.99519 0.00001
0.09801 -0.99519 0.00001
0.29028 -0.95694 0.00001
0.29028 -0.95694 0.00001
0.29028 -0.95694 0.00001
0.47139 -0.88192 0.00001
0.47139 -0.88192 0.00001
0.47139 -0.88192 0.00001
0.63439 -0.77301 0.00001
0.63439 -0.77301 0.00001
0.63439 -0.77301 0.00001
0.99518 -0.09802 0.00000
0.99518 -0.09802 0.00000
0.99518 -0.09802 0.00000
0.88192 0.47140 0.00000
0.88192 0.47140 0.00000
0.88192 0.47140 0.00000
0.00000 -0.00000 1.00000
0.00000 -0.00000 1.00000
0.00000 -0.00000 1.00000
0.00000 -0.00000 1.00000
-0.00000 -0.00000 1.00000
-0.00000 -0.00000 1.00000
-0.00000 -0.00000 1.00000
-0.00000 -0.00000 1.00000
-0.00000 -0.00000 1.00000
-0.00000 -0.00000 1.00000
-0.00000 -0.00000 1.00000
-0.00000 -0.00000 1.00000
-0.00000 -0.00000 1.00000
-0.00000 0.00000 1.00000
-0.00000 0.00000 1.00000
-0.00000 0.00000 1.00000
-0.00000 -0.00000 1.00000
-0.00000 -0.00000 1.00000
-0.00000 -0.00000 1.00000
-0.00000 0.00000 1.00000
-0.00000 0.00000 1.00000
-0.00000 0.00000 1.00000
0.00000 0.00000 -1.00000
0.00000 0.00000 -1.00000
0.00000 0.00000 -1.00000
0.00000 -0.00000 -1.00000
0.00000 -0.00000 -1.00000
0.00000 -0.00000 -1.00000
-0.00000 0.00000 1.00000
-0.00000 0.00000 1.00000
-0.00000 0.00000 1.00000
-0.00000 0.00000 1.00000
-0.00000 0.00000 1.00000
-0.00000 0.00000 1.00000
-0.00000 -0.00000 1.00000
-0.00000 -0.00000 1.00000
-0.00000 -0.00000 1.00000
-0.00000 -0.00000 1.00000
-0.00000 -0.00000 1.00000
-0.00000 -0.00000 1.00000
-0.00000 -0.00000 1.00000
-0.00000 -0.00000 1.00000
-0.00000 -0.00000 1.00000
0.00000 0.00000 -1.00000
0.00000 0.00000 -1.00000
0.00000 0.00000 -1.00000
-0.00000 0.00000 -1.00000
-0.00000 0.00000 -1.00000
-0.00000 0.00000 -1.00000
0.00000 -0.00000 -1.00000
0.00000 -0.00000 -1.00000
0.00000 -0.00000 -1.00000
-0.00000 0.00000 -1.00000
-0.00000 0.00000 -1.00000
-0.00000 0.00000 -1.00000
-0.00000 0.00000 1.00000
-0.00000 0.00000 1.00000
-0.00000 0.00000 1.00000
0.00000 0.00000 1.00000
0.00000 0.00000 1.00000
0.00000 0.00000 1.00000
-0.00000 -0.00000 1.00000
-0.00000 -0.00000 1.00000
-0.00000 -0.00000 1.00000
-0.00000 -0.00000 1.00000
-0.00000 -0.00000 1.00000
-0.00000 -0.00000 1.00000
0.00000 0.00000 -1.00000
0.00000 0.00000 -1.00000
0.00000 0.00000 -1.00000
-0.00000 -0.00000 -1.00000
-0.00000 -0.00000 -1.00000
-0.00000 -0.00000 -1.00000
0.00000 -0.00000 -1.00000
0.00000 -0.00000 -1.00000
0.00000 -0.00000 -1.00000
-0.00000 0.00000 1.00000
-0.00000 0.00000 1.00000
-0.00000 0.00000 1.00000
0.00000 0.00000 1.00000
0.00000 0.00000 1.00000
0.00000 0.00000 1.00000
-0.00000 -0.00000 1.00000
-0.00000 -0.00000 1.00000
-0.00000 -0.00000 1.00000
-0.00000 -0.00000 1.00000
-0.00000 -0.00000 1.00000
-0.00000 -0.00000 1.00000
-0.00000 -0.00000 -1.00000
-0.00000 -0.00000 -1.00000
-0.00000 -0.00000 -1.00000
0.00000 -0.00000 -1.00000
0.00000 -0.00000 -1.00000
0.00000 -0.00000 -1.00000
0.00000 0.00000 -1.00000
0.00000 0.00000 -1.00000
0.00000 0.00000 -1.00000
0.00000 -0.00000 -1.00000
0.00000 -0.00000 -1.00000
0.00000 -0.00000 -1.00000
-0.00000 -0.00000 1.00000
-0.00000 -0.00000 1.00000
-0.00000 -0.00000 1.00000
-0.00000 0.00000 -1.00000
-0.00000 0.00000 -1.00000
-0.00000 0.00000 -1.00000
0.00000 0.00000 -1.00000
0.00000 0.00000 -1.00000
0.00000 0.00000 -1.00000
0.00000 -0.00000 -1.00000
0.00000 -0.00000 -1.00000
0.00000 -0.00000 -1.00000
-0.00000 -0.00000 1.00000
-0.00000 -0.00000 1.00000
-0.00000 -0.00000 1.00000
0.00000 0.00000 -1.00000
0.00000 0.00000 -1.00000
0.00000 0.00000 -1.00000
-0.00000 0.00000 -1.00000
-0.00000 0.00000 -1.00000
-0.00000 0.00000 -1.00000
0.00000 0.00000 -1.00000
0.00000 0.00000 -1.00000
0.00000 0.00000 -1.00000
-0.00000 1.00000 -0.00000
-0.00000 1.00000 -0.00000
-0.00000 1.00000 -0.00000
-0.00000 1.00000 -0.00000
-1.00000 -0.00000 0.00000
-1.00000 -0.00000 0.00000
-1.00000 -0.00000 0.00000
-1.00000 -0.00000 0.00000
1.00000 0.00000 0.00000
1.00000 0.00000 0.00000
1.00000 0.00000 0.00000
1.00000 0.00000 0.00000
0.00000 0.00000 -1.00000
0.00000 0.00000 -1.00000
0.00000 0.00000 -1.00000
0.00000 0.00000 -1.00000
-0.00000 0.00000 1.00000
-0.00000 0.00000 1.00000
-0.00000 0.00000 1.00000
-0.00000 0.00000 1.00000
-0.00000 -0.00000 1.00000
-0.00000 -0.00000 1.00000
-0.00000 -0.00000 1.00000
-0.00000 -0.00000 1.00000
0.00000 -1.00000 0.00000
0.00000 -1.00000 0.00000
0.00000 -1.00000 0.00000
0.00000 -1.00000 0.00000
0.88192 -0.47140 -0.00000
0.88192 -0.47140 -0.00000
0.88192 -0.47140 -0.00000
0.88192 -0.47140 -0.00000
0.00000 -0.00000 -1.00000
0.00000 -0.00000 -1.00000
0.00000 -0.00000 -1.00000
0.00000 -0.00000 -1.00000
0.00000 -1.00000 0.00000
0.00000 -1.00000 0.00000
0.00000 -1.00000 0.00000
0.00000 -1.00000 0.00000
0.95694 0.29029 0.00000
0.95694 0.29029 0.00000
0.95694 0.29029 0.00000
0.95694 0.29029 0.00000
-0.00000 -0.00000 1.00000
-0.00000 -0.00000 1.00000
-0.00000 -0.00000 1.00000
-0.00000 -0.00000 1.00000
0.09802 -0.99518 -0.00000
0.09802 -0.99518 -0.00000
0.09802 -0.99518 -0.00000
0.09802 -0.99518 -0.00000
0.00000 -0.00000 -1.00000
0.00000 -0.00000 -1.00000
0.00000 -0.00000 -1.00000
0.00000 -0.00000 -1.00000
0.99518 0.09802 -0.00000
0.99518 0.09802 -0.00000
0.99518 0.09802 -0.00000
0.99518 0.09802 -0.00000
0.47140 -0.88192 -0.00000
0.47140 -0.88192 -0.00000
0.47140 -0.88192 -0.00000
0.47140 -0.88192 -0.00000
-0.29029 -0.95694 -0.00000
-0.29029 -0.95694 -0.00000
-0.29029 -0.95694 -0.00000
-0.29029 -0.95694 -0.00000
0.77301 -0.63439 0.00000
0.77301 -0.63439 0.00000
0.77301 -0.63439 0.00000
0.77301 -0.63439 0.00000
0.29028 -0.95694 -0.00000
0.29028 -0.95694 -0.00000
0.29028 -0.95694 -0.00000
0.29028 -0.95694 -0.00000
-0.09802 -0.99518 -0.00000
-0.09802 -0.99518 -0.00000
-0.09802 -0.99518 -0.00000
-0.09802 -0.99518 -0.00000
-0.88192 -0.47140 -0.00000
-0.88192 -0.47140 -0.00000
-0.88192 -0.47140 -0.00000
-0.88192 -0.47140 -0.00000
0.99518 -0.09802 -0.00000
0.99518 -0.09802 -0.00000
0.99518 -0.09802 -0.00000
0.99518 -0.09802 -0.00000
0.95694 -0.29028 -0.00000
0.95694 -0.29028 -0.00000
0.95694 -0.29028 -0.00000
0.95694 -0.29028 -0.00000
0.88192 0.47140 0.00000
0.88192 0.47140 0.00000
0.88192 0.47140 0.00000
0.88192 0.47140 0.00000
0.63439 -0.77301 0.00000
0.63439 -0.77301 0.00000
0.63439 -0.77301 0.00000
0.63439 -0.77301 0.00000
-0.63439 -0.77301 -0.00000
-0.63439 -0.77301 -0.00000
-0.63439 -0.77301 -0.00000
-0.63439 -0.77301 -0.00000
-0.95694 -0.29028 0.00000
-0.95694 -0.29028 0.00000
-0.95694 -0.29028 0.00000
-0.95694 -0.29028 0.00000
-0.99518 0.09802 -0.00000
-0.99518 0.09802 -0.00000
-0.99518 0.09802 -0.00000
-0.99518 0.09802 -0.00000
-0.88192 0.47140 0.00000
-0.88192 0.47140 0.00000
-0.88192 0.47140 0.00000
-0.88192 0.47140 0.00000
-0.77301 -0.63439 -0.00000
-0.77301 -0.63439 -0.00000
-0.77301 -0.63439 -0.00000
-0.77301 -0.63439 -0.00000
-0.95694 0.29029 -0.00000
-0.95694 0.29029 -0.00000
-0.95694 0.29029 -0.00000
-0.95694 0.29029 -0.00000
-0.99518 -0.09802 -0.00000
-0.99518 -0.09802 -0.00000
-0.99518 -0.09802 -0.00000
-0.99518 -0.09802 -0.00000
-0.47140 -0.88192 -0.00000
-0.47140 -0.88192 -0.00000
-0.47140 -0.88192 -0.00000
-0.47140 -0.88192 -0.00000

0.90000 0.44867
0.90000 0.33860
1.00000 0.44867
0.67388 0.43327
0.63271 0.60041
0.58149 0.46415
0.73079 0.58467
0.65000 0.74212
0.63271 0.60041
0.75000 0.74212
0.63271 0.88382
0.65000 0.74212
0.73078 0.89957
0.58149 1.02008
0.63271 0.88382
0.67388 0.24391
0.49832 0.33860
0.58149 0.21302
0.58147 0.38344
0.38640 0.44867
0.49832 0.33860
0.45711 0.50574
0.25001 0.53900
0.38640 0.44867
0.30557 0.60610
0.09442 0.60612
0.25001 0.53900
0.13268 0.68069
-0.07442 0.64746
0.09442 0.60612
0.94509 0.72661
0.75000 0.66141
0.92558 0.64746
0.75000 0.74212
0.57442 0.64746
0.75000 0.66141
0.55491 0.72661
0.40559 0.60612
0.57442 0.64746
0.36732 0.68068
0.24999 0.53900
0.40559 0.60612
0.86729 0.88382
0.91851 1.02008
0.76921 0.89957
0.91851 0.46415
0.86729 0.60041
0.82612 0.43327
0.90000 0.33860
1.00000 0.33860
1.00000 0.41785
0.91851 0.21302
1.00168 0.33860
0.82612 0.24390
0.86729 0.60041
0.85000 0.74212
0.76921 0.58467
0.49832 0.33858
0.45730 0.29823
0.48837 0.29823
0.00168 0.33858
0.01163 0.29823
0.04270 0.29823
0.58147 0.29823
0.58445 0.29823
0.67388 0.43327
0.00168 0.33858
-0.08445 0.29823
-0.07313 0.29823
0.90000 0.29823
0.90000 0.33858
0.93665 0.29823
0.00000 0.33858
-0.10000 0.29823
-0.03665 0.29823
0.00000 0.29823
0.00000 0.33858
-0.03665 0.29823
0.01163 0.29823
-0.08445 0.29823
0.04270 0.29823
0.01163 0.29823
-0.07313 0.29823
-0.08445 0.29823
0.90000 0.33858
1.00000 0.29823
0.93665 0.29823
0.93665 0.46554
1.00000 0.46554
0.90000 0.46554
0.00168 0.33860
-0.08147 0.38344
-0.17388 0.24390
0.82612 0.24390
0.76921 0.09250
0.91851 0.21302
0.85000 0.74212
0.75000 0.74212
0.76921 0.58467
0.76921 0.58467
0.82612 0.43327
0.86729 0.60041
0.90000 0.33858
1.00000 0.33857
1.00000 0.29823
0.90000 0.46415
1.00000 0.46415
0.90000 0.33858
0.90000 0.60041
1.00000 0.60041
1.00000 0.46415
0.90000 0.74212
1.00000 0.74212
0.90000 0.60041
0.90000 0.88382
1.00000 0.88382
0.90000 0.74212
0.90000 0.21302
1.00000 0.21302
0.90000 0.07676
0.90000 0.33860
1.00000 0.33859
0.90000 0.21302
0.90000 0.44867
1.00000 0.44866
0.90000 0.33860
0.90000 0.29825
1.00000 0.29825
0.90000 0.40831
0.90000 0.17267
1.00000 0.17267
1.00000 0.29825
0.90000 0.84347
1.00000 0.84348
0.90000 0.97973
0.90000 0.70177
1.00000 0.70177
0.90000 0.84347
0.90000 0.56006
1.00000 0.56007
0.90000 0.70177
0.90000 0.42380
1.00000 0.42381
0.90000 0.56006
0.00000 0.33858
-0.10000 0.33858
-0.10000 0.29823
0.58149 0.46415
0.58147 0.29823
0.67388 0.43327
0.63271 0.60041
0.67388 0.43327
0.73079 0.58467
0.65000 0.74212
0.73079 0.58467
0.75000 0.74212
0.63271 0.88382
0.75000 0.74212
0.73078 0.89957
0.58149 0.21302
0.73078 0.09251
0.67388 0.24391
0.49832 0.33860
0.67388 0.24391
0.58147 0.38344
0.38640 0.44867
0.58147 0.38344
0.45711 0.50574
0.25001 0.53900
0.45711 0.50574
0.30557 0.60610
0.09442 0.60612
0.30557 0.60610
0.13268 0.68069
0.92558 0.64746
1.13268 0.68069
0.94509 0.72661
0.75000 0.66141
0.94509 0.72661
0.75000 0.74212
0.57442 0.64746
0.75000 0.74212
0.55491 0.72661
0.40559 0.60612
0.55491 0.72661
0.36732 0.68068
0.24999 0.53900
0.36732 0.68068
0.19443 0.60610
0.90000 0.18815
1.00000 0.18815
0.90000 0.29822
0.00000 0.88382
-0.10000 1.02008
-0.10000 0.88382
1.00000 0.33860
0.90000 0.33860
0.90000 0.21302
0.90000 0.21302
1.00000 0.21302
1.00000 0.33860
0.90000 0.21302
1.00000 0.07676
1.00000 0.21302
0.00000 0.46415
-0.10000 0.60041
-0.10000 0.46415
0.00000 0.74212
-0.10000 0.74212
-0.10000 0.60041
0.90000 0.60041
1.00000 0.60041
1.00000 0.74212
0.90000 0.60041
1.00000 0.46415
1.00000 0.60041
0.90000 0.29822
1.00000 0.29823
0.90000 0.42380
0.00168 0.33860
0.11360 0.44867
0.04289 0.50574
-0.08147 0.38344
0.90000 0.33860
1.00000 0.41785
1.00000 0.44867
0.85000 0.74212
0.86729 0.88382
0.76921 0.89957
0.75000 0.74212
0.00000 0.88382
-0.10000 0.88382
-0.10000 0.74212
0.00168 0.33858
-0.08149 0.46415
-0.17388 0.43327
-0.08445 0.29823
0.00000 0.46415
-0.10000 0.46415
-0.10000 0.33858
0.11360 0.44867
0.24999 0.53900
0.19443 0.60610
0.04289 0.50574
0.90000 0.33858
1.00000 0.46415
1.00000 0.33857
0.90000 0.46415
0.90000 0.60041
1.00000 0.46415
0.90000 0.60041
1.00000 0.74212
1.00000 0.60041
0.90000 0.74212
1.00000 0.88382
1.00000 0.74212
0.90000 0.88382
1.00000 1.02008
1.00000 0.88382
0.90000 0.21302
1.00000 0.33859
1.00000 0.21302
0.90000 0.33860
1.00000 0.44866
1.00000 0.33859
0.90000 0.40831
1.00000 0.29825
1.00000 0.40832
0.90000 0.29825
0.90000 0.17267
1.00000 0.29825
0.90000 0.17267
1.00000 0.03641
1.00000 0.17267
0.90000 0.84347
1.00000 0.70177
1.00000 0.84348
0.90000 0.70177
1.00000 0.56007
1.00000 0.70177
0.90000 0.56006
1.00000 0.42381
1.00000 0.56007
0.90000 0.42380
1.00000 0.29823
1.00000 0.42381
0.90000 0.29822
1.00000 0.18815
1.00000 0.29823
0.00000 0.74212
0.00000 0.88382
-0.10000 0.74212
0.00000 0.33858
0.00000 0.46415
-0.10000 0.33858
0.49832 0.33858
0.57313 0.29823
0.58147 0.29823
0.58149 0.46415
0.49832 0.33858
0.48837 0.29823
0.57313 0.29823
0.00168 0.33858
-0.07313 0.29823
0.01163 0.29823
0.75000 0.29823
1.91555 0.29823
1.82612 0.43327
0.75000 0.70177
1.82612 -0.56316
1.91853 -0.42363
0.75000 0.29823
1.82612 0.43327
1.76921 0.58467
0.75000 0.70177
1.76921 -0.71456
1.82612 -0.56316
0.91853 0.38344
0.82612 0.24390
-0.25000 -0.50883
0.82612 0.43327
0.91555 0.29823
-0.25000 0.29823
0.75000 0.74212
-0.25000 0.29823
0.76921 0.58467
0.75000 0.29823
-0.26921 0.58467
-0.32612 0.43327
0.75000 0.70177
-0.26921 -0.71456
-0.25000 -0.87201
0.75000 0.70177
2.19443 -0.20096
2.36732 -0.12638
0.94509 0.72661
1.13268 0.68069
2.75000 1.50883
0.82612 0.24390
0.76921 0.09250
-0.25000 -0.50883
0.75000 0.70177
-0.86731 -0.12638
-1.05491 -0.08045
0.76921 0.58467
0.82612 0.43327
-0.25000 0.29823
0.75000 0.29823
1.75000 0.74212
1.76921 0.58467
0.91853 0.38344
1.04289 0.50574
-0.25000 1.50883
0.36732 0.68069
0.55491 0.72661
-1.25000 1.50883
0.75000 0.74212
0.94509 0.72661
2.75000 1.50883
0.75000 0.70177
-0.41853 -0.42363
-0.32612 -0.56316
0.36732 0.68069
0.19443 0.60611
-1.25000 1.50883
0.75000 0.70177
2.55491 -0.08045
2.36732 -0.12638
0.75000 0.29823
1.76921 0.89957
1.75000 0.74212
0.67388 0.43327
0.58445 0.29823
1.75000 0.29823
0.04289 0.50574
0.19443 0.60610
-1.25000 1.50883
0.75000 0.70177
-0.69443 -0.20096
-0.54289 -0.30133
0.67388 0.24390
0.73079 0.09250
1.75000 1.50883
0.75000 0.70177
2.19443 -0.20096
2.04289 -0.30133
0.75000 0.70177
-1.05491 -0.08045
-1.25000 -0.06495
0.67388 0.24390
0.58147 0.38343
1.75000 1.50883
0.58445 0.29823
0.67388 0.43327
1.75000 0.29823
0.45711 0.50574
0.58147 0.38344
1.75000 1.50883
0.45711 0.50573
0.30557 0.60610
1.75000 1.50883
0.75000 0.70177
-0.41853 -0.42363
-0.54289 -0.30133
0.75000 0.70177
-0.26922 -1.02946
-0.25000 -0.87201
0.13268 0.68069
0.30557 0.60610
1.75000 1.50883
0.75000 0.70177
-0.69443 -0.20096
-0.86731 -0.12638
0.75000 0.70177
-0.25000 -0.87201
-0.26921 -0.71456
0.75000 0.70177
-0.26921 -0.71456
-0.32612 -0.56316
0.50000 0.70177
1.00000 0.70177
1.00000 -2.52649
0.50000 -2.52649
0.00000 0.29823
-0.50000 0.29823
-0.50000 2.31590
0.00000 2.31590
0.00000 0.70177
-0.50000 0.70177
-0.50000 -1.31590
0.00000 -1.31590
0.75000 0.70177
2.04289 -0.30133
1.91853 -0.42363
0.75000 -1.31590
0.75000 0.70177
-0.25000 -0.87201
-0.26921 -1.02946
0.75000 -1.31590
0.75000 0.70177
0.75000 -1.31590
1.75000 -0.87201
1.76921 -0.71456
0.50000 0.83538
0.50000 -0.10530
1.00000 -0.10530
1.00000 0.83538
0.50000 0.24390
1.00000 0.24390
1.00000 0.38344
0.50000 0.38344
0.75000 0.74212
0.55491 0.72661
-1.25000 1.50883
2.75000 1.50883
0.50000 0.56815
1.00000 0.56815
1.00000 1.50883
0.50000 1.50883
0.50000 0.43327
1.00000 0.43327
1.00000 0.58467
0.50000 0.58467
0.55491 0.72661
0.75000 0.74212
2.75000 1.50883
-1.25000 1.50883
0.50000 0.54432
1.00000 0.54432
1.00000 0.70177
0.50000 0.70177
0.67388 0.43327
0.73078 0.58467
1.75000 2.31590
1.75000 0.29823
0.00000 0.58467
0.00000 0.74212
-0.50000 0.74212
-0.50000 0.58467
0.50000 0.25339
1.00000 0.25339
1.00000 0.39292
0.50000 0.39292
0.00000 0.20355
-0.50000 0.20355
-0.50000 0.05215
0.00000 0.05215
0.50000 0.50574
0.50000 0.38344
1.00000 0.38344
1.00000 0.50574
0.00000 0.39292
0.00000 0.54432
-0.50000 0.54432
-0.50000 0.39292
0.00000 0.70177
0.00000 0.85922
-0.50000 0.85922
-0.50000 0.70177
0.50000 0.38344
1.00000 0.38343
1.00000 0.24390
0.50000 0.24390
0.50000 0.74212
1.00000 0.74212
1.00000 0.89957
0.50000 0.89957
0.00000 0.89957
0.00000 1.05097
-0.50000 1.05097
-0.50000 0.89957
0.00000 0.29823
0.00000 0.43327
-0.50000 0.43327
-0.50000 0.29823
0.00000 0.13108
0.00000 0.25339
-0.50000 0.25339
-0.50000 0.13108
0.50000 0.34308
1.00000 0.34308
1.00000 0.46538
0.50000 0.46538
0.00000 0.24390
0.00000 0.09250
-0.50000 0.09250
-0.50000 0.24390
0.00000 0.74212
0.00000 0.58467
-0.50000 0.58467
-0.50000 0.74212
0.50000 0.29823
0.50000 0.43327
1.00000 0.43327
1.00000 0.29823
0.00000 0.50573
0.00000 0.38343
-0.50000 0.38344
-0.50000 0.50574
0.00000 0.58467
0.00000 0.43327
-0.50000 0.43327
-0.50000 0.58467
0.00000 0.89957
0.00000 0.74212
-0.50000 0.74212
-0.50000 0.89957
0.00000 0.20355
0.00000 0.34308
-0.50000 0.34308
-0.50000 0.20355

209
0 1 2
3 4 5
6 7 8
9 10 11
12 13 14
15 16 17
18 19 20
21 22 23
24 25 26
27 28 29
30 31 32
33 34 35
36 37 38
39 40 41
42 43 44
45 46 47
48 49 50
51 52 53
54 55 56
57 58 59
60 61 62
63 64 65
66 67 68
69 70 71
72 73 74
75 76 77
78 79 80
81 82 83
84 85 86
87 88 89
90 91 92
93 94 95
96 97 98
99 100 101
102 103 104
105 106 107
108 109 110
111 112 113
114 115 116
117 118 119
120 121 122
123 124 125
126 127 128
129 130 131
132 133 134
135 136 137
138 139 140
141 142 143
144 145 146
147 148 149
150 151 152
153 154 155
156 157 158
159 160 161
162 163 164
165 166 167
168 169 170
171 172 173
174 175 176
177 178 179
180 181 182
183 184 185
186 187 188
189 190 191
192 193 194
195 196 197
198 199 200
201 202 203
204 205 206
207 208 209
210 211 212
213 214 215
216 217 218
219 220 221
219 221 222
223 224 225
226 227 228
226 228 229
230 231 232
233 234 235
233 235 236
237 238 239
240 241 242
240 242 243
244 245 246
247 248 249
250 251 252
253 254 255
256 257 258
259 260 261
262 263 264
265 266 267
268 269 270
271 272 273
274 275 276
277 278 279
280 281 282
283 284 285
286 287 288
289 290 291
292 293 294
295 296 297
295 297 298
299 300 301
302 303 304
305 306 307
308 309 310
311 312 313
314 315 316
317 318 319
320 321 322
323 324 325
326 327 328
329 330 331
332 333 334
335 336 337
338 339 340
341 342 343
344 345 346
347 348 349
350 351 352
353 354 355
356 357 358
359 360 361
362 363 364
365 366 367
368 369 370
371 372 373
374 375 376
377 378 379
380 381 382
383 384 385
386 387 388
389 390 391
392 393 394
395 396 397
398 399 400
401 402 403
404 405 406
407 408 409
410 411 412
413 414 415
416 417 418
419 420 421
419 421 422
423 424 425
423 425 426
427 428 429
427 429 430
431 432 433
431 433 434
435 436 437
435 437 438
439 440 441
439 441 442
443 444 445
443 445 446
447 448 449
447 449 450
451 452 453
451 453 454
455 456 457
455 457 458
459 460 461
459 461 462
463 464 465
463 465 466
467 468 469
467 469 470
471 472 473
471 473 474
475 476 477
475 477 478
479 480 481
479 481 482
483 484 485
483 485 486
487 488 489
487 489 490
491 492 493
491 493 494
495 496 497
495 497 498
499 500 501
499 501 502
503 504 505
503 505 506
507 508 509
507 509 510
511 512 513
511 513 514
515 516 517
515 517 518
519 520 521
519 521 522
523 524 525
523 525 526
527 528 529
527 529 530
531 532 533
531 533 534
535 536 537
535 537 538
539 540 541
539 541 542
543 544 545
543 545 546
547 548 549
547 549 550

