2
dirt
64
0.50000 2.50000 -4.00000
-0.50000 2.50000 -4.00000
-0.50000 2.50000 4.00000
0.50000 2.50000 4.00000
0.50000 2.50000 4.00000
-0.50000 2.50000 4.00000
-0.50000 -2.50000 4.00000
0.50000 -2.50000 4.00000
0.50000 -2.50000 4.00000
-0.50000 -2.50000 4.00000
-0.50000 -2.50000 -4.00000
0.50000 -2.50000 -4.00000
-0.50000 2.50000 -4.00000
0.50000 2.50000 -4.00000
0.50000 -2.50000 -4.00000
-0.50000 -2.50000 -4.00000
0.50000 -2.50000 -4.00000
0.50000 -1.50000 -1.00000
0.50000 -1.50000 1.00000
0.50000 -2.50000 4.00000
-0.50000 -2.50000 4.00000
-0.50000 2.50000 4.00000
-0.50000 1.50000 1.00000
-0.50000 -1.50000 1.00000
-0.50000 2.50000 -4.00000
-0.50000 -2.50000 -4.00000
-0.50000 -1.50000 -1.00000
-0.50000 1.50000 -1.00000
0.50000 -1.50000 1.00000
0.50000 1.50000 1.00000
0.50000 2.50000 4.00000
0.50000 -2.50000 4.00000
-0.50000 2.50000 -4.00000
-0.50000 1.50000 -1.00000
-0.50000 1.50000 1.00000
-0.50000 2.50000 4.00000
-0.50000 -2.50000 4.00000
-0.50000 -1.50000 1.00000
-0.50000 -1.50000 -1.00000
-0.50000 -2.50000 -4.00000
-0.50000 -1.50000 -1.00000
-0.50000 -1.50000 1.00000
0.50000 -1.50000 1.00000
0.50000 -1.50000 -1.00000
0.50000 1.50000 -1.00000
0.50000 2.50000 -4.00000
0.50000 2.50000 4.00000
0.50000 1.50000 1.00000
-0.50000 1.50000 1.00000
-0.50000 1.50000 -1.00000
0.50000 1.50000 -1.00000
0.50000 1.50000 1.00000
0.50000 -1.50000 1.00000
-0.50000 -1.50000 1.00000
-0.50000 1.50000 1.00000
0.50000 1.50000 1.00000
0.50000 -2.50000 -4.00000
0.50000 2.50000 -4.00000
0.50000 1.50000 -1.00000
0.50000 -1.50000 -1.00000
0.50000 1.50000 -1.00000
-0.50000 1.50000 -1.00000
-0.50000 -1.50000 -1.00000
0.50000 -1.50000 -1.00000

-0.00000 1.00000 0.00000
-0.00000 1.00000 0.00000
-0.00000 1.00000 0.00000
-0.00000 1.00000 0.00000
-0.00000 -0.00000 1.00000
-0.00000 -0.00000 1.00000
-0.00000 -0.00000 1.00000
-0.00000 -0.00000 1.00000
0.00000 -1.00000 -0.00000
0.00000 -1.00000 -0.00000
0.00000 -1.00000 -0.00000
0.00000 -1.00000 -0.00000
0.00000 0.00000 -1.00000
0.00000 0.00000 -1.00000
0.00000 0.00000 -1.00000
0.00000 0.00000 -1.00000
1.00000 0.00000 0.00000
1.00000 0.00000 0.00000
1.00000 0.00000 0.00000
1.00000 0.00000 0.00000
-1.00000 -0.00000 -0.00000
-1.00000 -0.00000 -0.00000
-1.00000 -0.00000 -0.00000
-1.00000 -0.00000 -0.00000
-1.00000 -0.00000 -0.00000
-1.00000 -0.00000 -0.00000
-1.00000 -0.00000 -0.00000
-1.00000 -0.00000 -0.00000
1.00000 0.00000 0.00000
1.00000 0.00000 0.00000
1.00000 0.00000 0.00000
1.00000 0.00000 0.00000
-1.00000 -0.00000 -0.00000
-1.00000 -0.00000 -0.00000
-1.00000 -0.00000 -0.00000
-1.00000 -0.00000 -0.00000
-1.00000 -0.00000 -0.00000
-1.00000 -0.00000 -0.00000
-1.00000 -0.00000 -0.00000
-1.00000 -0.00000 -0.00000
-0.00000 1.00000 0.00000
-0.00000 1.00000 0.00000
-0.00000 1.00000 0.00000
-0.00000 1.00000 0.00000
1.00000 0.00000 0.00000
1.00000 0.00000 0.00000
1.00000 0.00000 0.00000
1.00000 0.00000 0.00000
0.00000 -1.00000 -0.00000
0.00000 -1.00000 -0.00000
0.00000 -1.00000 -0.00000
0.00000 -1.00000 -0.00000
0.00000 0.00000 -1.00000
0.00000 0.00000 -1.00000
0.00000 0.00000 -1.00000
0.00000 0.00000 -1.00000
1.00000 0.00000 0.00000
1.00000 0.00000 0.00000
1.00000 0.00000 0.00000
1.00000 0.00000 0.00000
-0.00000 -0.00000 1.00000
-0.00000 -0.00000 1.00000
-0.00000 -0.00000 1.00000
-0.00000 -0.00000 1.00000

0.50000 0.25000
1.00000 0.25000
1.00000 -3.75000
0.50000 -3.75000
0.50000 0.75000
1.00000 0.75000
1.00000 -1.75000
0.50000 -1.75000
0.50000 0.25000
1.00000 0.25000
1.00000 4.25000
0.50000 4.25000
0.00000 0.75000
-0.50000 0.75000
-0.50000 -1.75000
0.00000 -1.75000
0.25000 0.25000
-1.25000 0.75000
-2.25000 0.75000
-3.75000 0.25000
0.25000 0.25000
0.25000 2.75000
1.75000 2.25000
1.75000 0.75000
0.25000 0.75000
0.25000 -1.75000
-1.25000 -1.25000
-1.25000 0.25000
0.75000 0.75000
0.75000 2.25000
-0.75000 2.75000
-0.75000 0.25000
0.25000 0.75000
-1.25000 0.25000
-2.25000 0.25000
-3.75000 0.75000
0.25000 0.25000
1.75000 0.75000
2.75000 0.75000
4.25000 0.25000
0.00000 0.75000
0.00000 -0.25000
-0.50000 -0.25000
-0.50000 0.75000
0.75000 0.25000
2.25000 0.75000
-1.75000 0.75000
-0.25000 0.25000
0.00000 0.75000
0.00000 1.75000
-0.50000 1.75000
-0.50000 0.75000
0.50000 0.75000
1.00000 0.75000
1.00000 2.25000
0.50000 2.25000
0.25000 0.25000
0.25000 2.75000
-1.25000 2.25000
-1.25000 0.75000
0.50000 0.25000
1.00000 0.25000
1.00000 -1.25000
0.50000 -1.25000

32
0 1 2
0 2 3
4 5 6
4 6 7
8 9 10
8 10 11
12 13 14
12 14 15
16 17 18
16 18 19
20 21 22
20 22 23
24 25 26
24 26 27
28 29 30
28 30 31
32 33 34
32 34 35
36 37 38
36 38 39
40 41 42
40 42 43
44 45 46
44 46 47
48 49 50
48 50 51
52 53 54
52 54 55
56 57 58
56 58 59
60 61 62
60 62 63

brick
24
0.30000 1.50000 1.00000
0.30000 1.50000 -1.00000
0.30000 -1.50000 -1.00000
0.30000 -1.50000 1.00000
0.50000 1.50000 1.00000
0.50000 -1.50000 1.00000
0.50000 -1.50000 -1.00000
0.50000 1.50000 -1.00000
0.30000 1.50000 1.00000
0.50000 1.50000 1.00000
0.50000 1.50000 -1.00000
0.30000 1.50000 -1.00000
0.30000 1.50000 -1.00000
0.50000 1.50000 -1.00000
0.50000 -1.50000 -1.00000
0.30000 -1.50000 -1.00000
0.30000 -1.50000 -1.00000
0.50000 -1.50000 -1.00000
0.50000 -1.50000 1.00000
0.30000 -1.50000 1.00000
0.50000 1.50000 1.00000
0.30000 1.50000 1.00000
0.30000 -1.50000 1.00000
0.50000 -1.50000 1.00000

-1.00000 -0.00000 0.00000
-1.00000 -0.00000 0.00000
-1.00000 -0.00000 0.00000
-1.00000 -0.00000 0.00000
1.00000 0.00000 -0.00000
1.00000 0.00000 -0.00000
1.00000 0.00000 -0.00000
1.00000 0.00000 -0.00000
0.00000 1.00000 -0.00000
0.00000 1.00000 -0.00000
0.00000 1.00000 -0.00000
0.00000 1.00000 -0.00000
-0.00000 -0.00000 -1.00000
-0.00000 -0.00000 -1.00000
-0.00000 -0.00000 -1.00000
-0.00000 -0.00000 -1.00000
-0.00000 -1.00000 0.00000
-0.00000 -1.00000 0.00000
-0.00000 -1.00000 0.00000
-0.00000 -1.00000 0.00000
0.00000 0.00000 1.00000
0.00000 0.00000 1.00000
0.00000 0.00000 1.00000
0.00000 0.00000 1.00000

0.00000 0.25000
-1.00000 0.25000
-1.00000 -1.25000
0.00000 -1.25000
0.00000 0.25000
0.00000 -1.25000
-1.00000 -1.25000
-1.00000 0.25000
0.90000 0.00000
1.00000 0.00000
1.00000 -1.00000
0.90000 -1.00000
0.90000 0.25000
1.00000 0.25000
1.00000 -1.25000
0.90000 -1.25000
0.90000 0.00000
1.00000 0.00000
1.00000 1.00000
0.90000 1.00000
0.00000 0.25000
-0.10000 0.25000
-0.10000 -1.25000
0.00000 -1.25000

12
0 1 2
0 2 3
4 5 6
4 6 7
8 9 10
8 10 11
12 13 14
12 14 15
16 17 18
16 18 19
20 21 22
20 22 23

