1
demo3.bmp
213
0.15000 -0.50000 -0.25000
0.15000 -0.30000 -0.15000
0.15000 -0.30000 0.15000
0.15000 -0.50000 0.25000
0.15000 -0.30000 -0.15000
0.15000 -0.50000 -0.25000
0.15000 0.50000 -0.25000
0.15000 0.20000 -0.15000
0.15000 -0.50000 0.25000
0.15000 0.20000 0.15000
0.15000 0.22926 0.14712
0.15000 0.50000 0.25000
0.15000 0.50000 -0.25000
0.15000 0.50000 0.25000
0.15000 0.33858 0.05740
0.15000 0.34712 0.02926
0.15000 0.22926 -0.14712
0.15000 0.20000 -0.15000
0.15000 0.50000 -0.25000
0.15000 0.25740 -0.13858
0.15000 0.22926 -0.14712
0.15000 0.50000 -0.25000
0.15000 0.28334 -0.12472
0.15000 0.25740 -0.13858
0.15000 0.50000 -0.25000
0.15000 0.30607 -0.10607
0.15000 0.28334 -0.12472
0.15000 0.50000 -0.25000
0.15000 0.32472 -0.08334
0.15000 0.30607 -0.10607
0.15000 0.50000 -0.25000
0.15000 0.33858 -0.05740
0.15000 0.32472 -0.08334
0.15000 0.50000 -0.25000
0.15000 0.34712 -0.02926
0.15000 0.33858 -0.05740
0.15000 0.50000 -0.25000
0.15000 0.35000 -0.00000
0.15000 0.34712 -0.02926
0.15000 0.50000 -0.25000
0.15000 0.34712 0.02926
0.15000 0.35000 -0.00000
0.15000 0.50000 -0.25000
0.15000 0.50000 0.25000
0.15000 0.25740 0.13858
0.15000 0.28334 0.12472
0.15000 0.28334 0.12472
0.15000 0.30607 0.10607
0.15000 0.50000 0.25000
0.15000 0.22926 0.14712
0.15000 0.25740 0.13858
0.15000 0.50000 0.25000
0.15000 -0.30000 0.15000
0.15000 0.20000 0.15000
0.15000 -0.50000 0.25000
0.15000 0.32472 0.08334
0.15000 0.33858 0.05740
0.15000 0.50000 0.25000
0.15000 0.30607 0.10607
0.15000 0.32472 0.08334
0.15000 0.50000 0.25000
-0.05000 0.20000 -0.15000
-0.05000 0.20000 0.15000
-0.05000 -0.30000 0.15000
-0.05000 -0.30000 -0.15000
-0.05000 -0.30000 -0.15000
-0.05000 -0.30000 0.15000
0.15000 -0.30000 0.15000
0.15000 -0.30000 -0.15000
0.15000 -0.30000 0.15000
-0.05000 -0.30000 0.15000
-0.05000 0.20000 0.15000
0.15000 0.20000 0.15000
0.15000 0.20000 -0.15000
-0.05000 0.20000 -0.15000
-0.05000 -0.30000 -0.15000
0.15000 -0.30000 -0.15000
-0.05000 0.32472 0.08334
-0.05000 0.30607 0.10607
-0.05000 0.20000 0.00000
-0.05000 0.33858 0.05740
-0.05000 0.32472 0.08334
-0.05000 0.20000 0.00000
-0.05000 0.34712 0.02926
-0.05000 0.33858 0.05740
-0.05000 0.20000 0.00000
-0.05000 0.35000 0.00000
-0.05000 0.34712 0.02926
-0.05000 0.20000 0.00000
-0.05000 0.34712 -0.02926
-0.05000 0.35000 0.00000
-0.05000 0.20000 0.00000
-0.05000 0.33858 -0.05740
-0.05000 0.34712 -0.02926
-0.05000 0.20000 0.00000
-0.05000 0.32472 -0.08334
-0.05000 0.33858 -0.05740
-0.05000 0.20000 0.00000
-0.05000 0.30607 -0.10607
-0.05000 0.32472 -0.08334
-0.05000 0.20000 0.00000
-0.05000 0.28334 -0.12472
-0.05000 0.30607 -0.10607
-0.05000 0.20000 0.00000
-0.05000 0.25740 -0.13858
-0.05000 0.28334 -0.12472
-0.05000 0.20000 0.00000
-0.05000 0.22926 -0.14712
-0.05000 0.25740 -0.13858
-0.05000 0.20000 0.00000
-0.05000 0.20000 -0.15000
-0.05000 0.22926 -0.14712
-0.05000 0.20000 0.00000
-0.05000 0.22926 0.14712
-0.05000 0.20000 0.15000
-0.05000 0.20000 0.00000
-0.05000 0.25740 0.13858
-0.05000 0.22926 0.14712
-0.05000 0.20000 0.00000
-0.05000 0.28334 0.12472
-0.05000 0.25740 0.13858
-0.05000 0.20000 0.00000
-0.05000 0.20000 0.00000
-0.05000 0.30607 0.10607
-0.05000 0.28334 0.12472
0.15000 0.20000 -0.15000
0.15000 0.22926 -0.14712
-0.05000 0.22926 -0.14712
-0.05000 0.20000 -0.15000
-0.05000 0.25740 -0.13858
-0.05000 0.22926 -0.14712
0.15000 0.22926 -0.14712
0.15000 0.25740 -0.13858
-0.05000 0.28334 -0.12472
-0.05000 0.25740 -0.13858
0.15000 0.25740 -0.13858
0.15000 0.28334 -0.12472
-0.05000 0.30607 -0.10607
-0.05000 0.28334 -0.12472
0.15000 0.28334 -0.12472
0.15000 0.30607 -0.10607
-0.05000 0.32472 -0.08334
-0.05000 0.30607 -0.10607
0.15000 0.30607 -0.10607
0.15000 0.32472 -0.08334
-0.05000 0.33858 -0.05740
-0.05000 0.32472 -0.08334
0.15000 0.32472 -0.08334
0.15000 0.33858 -0.05740
-0.05000 0.34712 -0.02926
-0.05000 0.33858 -0.05740
0.15000 0.33858 -0.05740
0.15000 0.34712 -0.02926
-0.05000 0.35000 0.00000
-0.05000 0.34712 -0.02926
0.15000 0.34712 -0.02926
0.15000 0.35000 -0.00000
-0.05000 0.34712 0.02926
-0.05000 0.35000 0.00000
0.15000 0.35000 -0.00000
0.15000 0.34712 0.02926
-0.05000 0.28334 0.12472
-0.05000 0.30607 0.10607
0.15000 0.30607 0.10607
0.15000 0.28334 0.12472
-0.05000 0.22926 0.14712
-0.05000 0.25740 0.13858
0.15000 0.25740 0.13858
0.15000 0.22926 0.14712
0.15000 0.34712 0.02926
0.15000 0.33858 0.05740
-0.05000 0.33858 0.05740
-0.05000 0.34712 0.02926
0.15000 0.28334 0.12472
0.15000 0.25740 0.13858
-0.05000 0.25740 0.13858
-0.05000 0.28334 0.12472
-0.05000 0.32472 0.08334
-0.05000 0.33858 0.05740
0.15000 0.33858 0.05740
0.15000 0.32472 0.08334
0.15000 0.32472 0.08334
0.15000 0.30607 0.10607
-0.05000 0.30607 0.10607
-0.05000 0.32472 0.08334
0.15000 0.22926 0.14712
0.15000 0.20000 0.15000
-0.05000 0.20000 0.15000
-0.05000 0.22926 0.14712
-0.15000 0.50000 0.25000
0.15000 0.50000 0.25000
0.15000 0.50000 -0.25000
-0.15000 0.50000 0.25000
-0.15000 -0.50000 0.25000
0.15000 -0.50000 0.25000
-0.15000 -0.50000 0.25000
-0.15000 -0.50000 -0.25000
0.15000 -0.50000 -0.25000
0.15000 -0.50000 0.25000
-0.15000 -0.50000 0.25000
-0.15000 0.50000 0.25000
-0.15000 0.50000 -0.25000
-0.15000 -0.50000 -0.25000
-0.15000 -0.50000 -0.25000
-0.15000 0.50000 -0.25000
0.15000 0.50000 -0.25000
0.15000 -0.50000 -0.25000
-0.15000 0.50000 0.25000
0.15000 -0.50000 0.25000
0.15000 0.50000 0.25000
-0.15000 0.50000 0.25000
0.15000 0.50000 -0.25000
-0.15000 0.50000 -0.25000

1.00000 0.00000 0.00000
1.00000 0.00000 0.00000
1.00000 0.00000 0.00000
1.00000 0.00000 0.00000
1.00000 -0.00000 0.00000
1.00000 -0.00000 0.00000
1.00000 -0.00000 0.00000
1.00000 -0.00000 0.00000
1.00000 0.00000 -0.00000
1.00000 0.00000 -0.00000
1.00000 0.00000 -0.00000
1.00000 0.00000 -0.00000
1.00000 -0.00000 0.00000
1.00000 -0.00000 0.00000
1.00000 -0.00000 0.00000
1.00000 -0.00000 0.00000
1.00000 -0.00000 0.00000
1.00000 -0.00000 0.00000
1.00000 -0.00000 0.00000
1.00000 -0.00000 0.00000
1.00000 -0.00000 0.00000
1.00000 -0.00000 0.00000
1.00000 -0.00000 0.00000
1.00000 -0.00000 0.00000
1.00000 -0.00000 0.00000
1.00000 -0.00000 0.00000
1.00000 -0.00000 0.00000
1.00000 -0.00000 0.00000
1.00000 -0.00000 0.00000
1.00000 -0.00000 0.00000
1.00000 -0.00000 0.00000
1.00000 -0.00000 0.00000
1.00000 -0.00000 0.00000
1.00000 -0.00000 0.00000
1.00000 0.00001 0.00001
1.00000 0.00001 0.00001
1.00000 0.00001 0.00001
1.00000 -0.00001 0.00000
1.00000 -0.00001 0.00000
1.00000 -0.00001 0.00000
1.00000 -0.00001 -0.00000
1.00000 -0.00001 -0.00000
1.00000 -0.00001 -0.00000
1.00000 0.00000 0.00000
1.00000 0.00000 0.00000
1.00000 0.00000 0.00000
1.00000 0.00000 0.00000
1.00000 0.00000 0.00000
1.00000 0.00000 0.00000
1.00000 0.00000 0.00000
1.00000 0.00000 0.00000
1.00000 0.00000 0.00000
1.00000 0.00000 0.00000
1.00000 0.00000 0.00000
1.00000 0.00000 0.00000
1.00000 0.00000 0.00000
1.00000 0.00000 0.00000
1.00000 0.00000 0.00000
1.00000 -0.00001 0.00001
1.00000 -0.00001 0.00001
1.00000 -0.00001 0.00001
1.00000 0.00000 0.00000
1.00000 0.00000 0.00000
1.00000 0.00000 0.00000
1.00000 0.00000 0.00000
-0.00000 1.00000 0.00000
-0.00000 1.00000 0.00000
-0.00000 1.00000 0.00000
-0.00000 1.00000 0.00000
0.00000 -0.00000 -1.00000
0.00000 -0.00000 -1.00000
0.00000 -0.00000 -1.00000
0.00000 -0.00000 -1.00000
-0.00000 0.00000 1.00000
-0.00000 0.00000 1.00000
-0.00000 0.00000 1.00000
-0.00000 0.00000 1.00000
1.00000 0.00000 0.00000
1.00000 0.00000 0.00000
1.00000 0.00000 0.00000
1.00000 0.00000 0.00000
1.00000 0.00000 0.00000
1.00000 0.00000 0.00000
1.00000 0.00000 0.00000
1.00000 0.00000 0.00000
1.00000 0.00000 0.00000
1.00000 0.00000 0.00000
1.00000 0.00000 0.00000
1.00000 0.00000 0.00000
1.00000 0.00000 0.00000
1.00000 0.00000 0.00000
1.00000 0.00000 0.00000
1.00000 0.00000 0.00000
1.00000 0.00000 0.00000
1.00000 0.00000 0.00000
1.00000 0.00000 0.00000
1.00000 0.00000 0.00000
1.00000 0.00000 0.00000
1.00000 0.00000 0.00000
1.00000 0.00000 0.00000
1.00000 0.00000 0.00000
1.00000 0.00000 0.00000
1.00000 0.00000 0.00000
1.00000 0.00000 0.00000
1.00000 0.00000 0.00000
1.00000 0.00000 0.00000
1.00000 0.00000 0.00000
1.00000 0.00000 0.00000
1.00000 0.00000 0.00000
1.00000 0.00000 0.00000
1.00000 0.00000 0.00000
1.00000 0.00000 0.00000
1.00000 0.00000 0.00000
1.00000 -0.00003 0.00001
1.00000 -0.00003 0.00001
1.00000 -0.00003 0.00001
1.00000 0.00000 0.00000
1.00000 0.00000 0.00000
1.00000 0.00000 0.00000
1.00000 0.00000 0.00000
1.00000 0.00000 0.00000
1.00000 0.00000 0.00000
1.00000 0.00000 0.00000
1.00000 0.00000 0.00000
1.00000 0.00000 0.00000
-0.00000 -0.09803 0.99518
-0.00000 -0.09803 0.99518
-0.00000 -0.09803 0.99518
-0.00000 -0.09803 0.99518
0.00000 -0.29028 0.95694
0.00000 -0.29028 0.95694
0.00000 -0.29028 0.95694
0.00000 -0.29028 0.95694
0.00000 -0.47140 0.88192
0.00000 -0.47140 0.88192
0.00000 -0.47140 0.88192
0.00000 -0.47140 0.88192
0.00000 -0.63439 0.77301
0.00000 -0.63439 0.77301
0.00000 -0.63439 0.77301
0.00000 -0.63439 0.77301
0.00000 -0.77301 0.63439
0.00000 -0.77301 0.63439
0.00000 -0.77301 0.63439
0.00000 -0.77301 0.63439
0.00000 -0.88192 0.47140
0.00000 -0.88192 0.47140
0.00000 -0.88192 0.47140
0.00000 -0.88192 0.47140
-0.00000 -0.95694 0.29028
-0.00000 -0.95694 0.29028
-0.00000 -0.95694 0.29028
-0.00000 -0.95694 0.29028
0.00000 -0.99518 0.09802
0.00000 -0.99518 0.09802
0.00000 -0.99518 0.09802
0.00000 -0.99518 0.09802
0.00000 -0.99518 -0.09802
0.00000 -0.99518 -0.09802
0.00000 -0.99518 -0.09802
0.00000 -0.99518 -0.09802
-0.00000 -0.63439 -0.77301
-0.00000 -0.63439 -0.77301
-0.00000 -0.63439 -0.77301
-0.00000 -0.63439 -0.77301
-0.00000 -0.29028 -0.95694
-0.00000 -0.29028 -0.95694
-0.00000 -0.29028 -0.95694
-0.00000 -0.29028 -0.95694
0.00000 -0.95694 -0.29028
0.00000 -0.95694 -0.29028
0.00000 -0.95694 -0.29028
0.00000 -0.95694 -0.29028
-0.00000 -0.47140 -0.88192
-0.00000 -0.47140 -0.88192
-0.00000 -0.47140 -0.88192
-0.00000 -0.47140 -0.88192
0.00000 -0.88192 -0.47140
0.00000 -0.88192 -0.47140
0.00000 -0.88192 -0.47140
0.00000 -0.88192 -0.47140
-0.00000 -0.77301 -0.63439
-0.00000 -0.77301 -0.63439
-0.00000 -0.77301 -0.63439
-0.00000 -0.77301 -0.63439
0.00000 -0.09801 -0.99519
0.00000 -0.09801 -0.99519
0.00000 -0.09801 -0.99519
0.00000 -0.09801 -0.99519
-0.00000 1.00000 0.00000
-0.00000 1.00000 0.00000
-0.00000 1.00000 0.00000
-0.00000 0.00000 1.00000
-0.00000 0.00000 1.00000
-0.00000 0.00000 1.00000
-0.00000 -1.00000 0.00000
-0.00000 -1.00000 0.00000
-0.00000 -1.00000 0.00000
-0.00000 -1.00000 0.00000
-1.00000 0.00000 -0.00000
-1.00000 0.00000 -0.00000
-1.00000 0.00000 -0.00000
-1.00000 0.00000 -0.00000
0.00000 0.00000 -1.00000
0.00000 0.00000 -1.00000
0.00000 0.00000 -1.00000
0.00000 0.00000 -1.00000
-0.00000 -0.00000 1.00000
-0.00000 -0.00000 1.00000
-0.00000 -0.00000 1.00000
-0.00000 1.00000 0.00000
-0.00000 1.00000 0.00000
-0.00000 1.00000 0.00000

1.75000 2.62500
2.35000 2.92500
2.35000 3.82500
1.75000 4.12500
2.35000 2.92500
1.75000 2.62500
4.75000 2.62500
3.85000 2.92500
1.75000 4.12500
3.85000 3.82500
3.93779 3.81635
4.75000 4.12500
4.75000 2.62500
4.75000 4.12500
4.26575 3.54721
4.29135 3.46279
3.93779 2.93365
3.85000 2.92500
4.75000 2.62500
4.02221 2.95925
3.93779 2.93365
4.75000 2.62500
4.10001 3.00084
4.02221 2.95925
4.75000 2.62500
4.16820 3.05680
4.10001 3.00084
4.75000 2.62500
4.22416 3.12499
4.16820 3.05680
4.75000 2.62500
4.26574 3.20279
4.22416 3.12499
4.75000 2.62500
4.29135 3.28721
4.26574 3.20279
4.75000 2.62500
4.30000 3.37500
4.29135 3.28721
4.75000 2.62500
4.29135 3.46279
4.30000 3.37500
4.75000 2.62500
4.75000 4.12500
4.02221 3.79075
4.10000 3.74916
4.10000 3.74916
4.16820 3.69320
4.75000 4.12500
3.93779 3.81635
4.02221 3.79075
4.75000 4.12500
2.35000 3.82500
3.85000 3.82500
1.75000 4.12500
4.22416 3.62501
4.26575 3.54721
4.75000 4.12500
4.16820 3.69320
4.22416 3.62501
4.75000 4.12500
0.00000 0.00000
0.00000 1.00000
1.00000 1.00000
1.00000 0.00000
1.00000 1.00000
1.00000 0.00000
0.00000 0.00000
0.00000 1.00000
0.00000 0.00000
0.00000 1.00000
1.00000 1.00000
1.00000 0.00000
0.00000 0.00000
0.00000 1.00000
1.00000 1.00000
1.00000 0.00000
0.00000 0.00000
0.00000 1.00000
1.00000 1.00000
0.00000 0.00000
0.00000 1.00000
1.00000 1.00000
0.00000 0.00000
0.00000 1.00000
1.00000 1.00000
0.00000 0.00000
0.00000 1.00000
1.00000 1.00000
0.00000 0.00000
0.00000 1.00000
1.00000 1.00000
0.00000 0.00000
0.00000 1.00000
1.00000 1.00000
0.00000 0.00000
0.00000 1.00000
1.00000 1.00000
0.00000 0.00000
0.00000 1.00000
1.00000 1.00000
0.00000 0.00000
0.00000 1.00000
1.00000 1.00000
0.00000 0.00000
0.00000 1.00000
1.00000 1.00000
0.00000 0.00000
0.00000 1.00000
1.00000 1.00000
0.00000 0.00000
0.00000 1.00000
1.00000 1.00000
0.00000 0.00000
0.00000 1.00000
1.00000 1.00000
0.00000 0.00000
0.00000 1.00000
1.00000 1.00000
0.00000 0.00000
0.00000 1.00000
1.00000 1.00000
0.00000 0.00000
0.00000 1.00000
1.00000 1.00000
1.00000 1.00000
1.00000 0.00000
0.00000 0.00000
0.00000 1.00000
0.00000 0.00000
0.00000 1.00000
1.00000 1.00000
1.00000 0.00000
0.00000 0.00000
0.00000 1.00000
1.00000 1.00000
1.00000 0.00000
0.00000 0.00000
0.00000 1.00000
1.00000 1.00000
1.00000 0.00000
0.00000 0.00000
0.00000 1.00000
1.00000 1.00000
1.00000 0.00000
0.00000 0.00000
0.00000 1.00000
1.00000 1.00000
1.00000 0.00000
0.00000 0.00000
0.00000 1.00000
1.00000 1.00000
1.00000 0.00000
0.00000 0.00000
0.00000 1.00000
1.00000 1.00000
1.00000 0.00000
0.00000 0.00000
0.00000 1.00000
1.00000 1.00000
1.00000 0.00000
0.00000 0.00000
0.00000 1.00000
1.00000 1.00000
1.00000 0.00000
0.00000 0.00000
0.00000 1.00000
1.00000 1.00000
1.00000 0.00000
0.00000 0.00000
0.00000 1.00000
1.00000 1.00000
1.00000 0.00000
0.00000 0.00000
0.00000 1.00000
1.00000 1.00000
1.00000 0.00000
0.00000 0.00000
0.00000 1.00000
1.00000 1.00000
1.00000 0.00000
0.00000 0.00000
0.00000 1.00000
1.00000 1.00000
1.00000 0.00000
0.00000 0.00000
0.00000 1.00000
1.00000 1.00000
1.00000 0.00000
4.75000 1.12500
4.75000 0.22500
3.25000 0.22500
-1.25000 1.12500
-4.25000 1.12500
-4.25000 0.22500
-1.25000 1.12500
-2.75000 1.12500
-2.75000 0.22500
-1.25000 0.22500
1.75000 -1.87500
4.75000 -1.87500
4.75000 -3.37500
1.75000 -3.37500
1.75000 1.12500
4.75000 1.12500
4.75000 0.22500
1.75000 0.22500
0.00000 0.00000
1.00000 1.00000
0.00000 1.00000
0.00000 0.00000
0.00000 1.00000
1.00000 1.00000

89
0 1 2
0 2 3
4 5 6
4 6 7
8 9 10
8 10 11
12 13 14
12 14 15
16 17 18
19 20 21
22 23 24
25 26 27
28 29 30
31 32 33
34 35 36
37 38 39
40 41 42
43 44 45
46 47 48
49 50 51
52 53 54
55 56 57
58 59 60
61 62 63
61 63 64
65 66 67
65 67 68
69 70 71
69 71 72
73 74 75
73 75 76
77 78 79
80 81 82
83 84 85
86 87 88
89 90 91
92 93 94
95 96 97
98 99 100
101 102 103
104 105 106
107 108 109
110 111 112
113 114 115
116 117 118
119 120 121
122 123 124
125 126 127
125 127 128
129 130 131
129 131 132
133 134 135
133 135 136
137 138 139
137 139 140
141 142 143
141 143 144
145 146 147
145 147 148
149 150 151
149 151 152
153 154 155
153 155 156
157 158 159
157 159 160
161 162 163
161 163 164
165 166 167
165 167 168
169 170 171
169 171 172
173 174 175
173 175 176
177 178 179
177 179 180
181 182 183
181 183 184
185 186 187
185 187 188
189 190 191
192 193 194
195 196 197
195 197 198
199 200 201
199 201 202
203 204 205
203 205 206
207 208 209
210 211 212

