1
demo3.bmp
166
-0.00787 0.50000 0.13889
0.02322 0.50000 0.17678
0.02322 -0.50000 0.17678
-0.00787 -0.50000 0.13889
0.15000 0.50000 -0.24482
0.15000 -0.50000 -0.24482
0.15000 -0.50000 -0.25000
0.15000 0.50000 -0.25000
0.15000 -0.50000 0.24482
0.15000 0.50000 0.24482
0.15000 0.50000 0.25000
0.15000 -0.50000 0.25000
-0.03097 0.50000 -0.09567
-0.04520 0.50000 -0.04877
-0.04520 -0.50000 -0.04877
-0.03097 -0.50000 -0.09567
-0.03097 -0.50000 0.09567
-0.04520 -0.50000 0.04877
-0.04520 0.50000 0.04877
-0.03097 0.50000 0.09567
0.06111 0.50000 0.20787
0.06111 -0.50000 0.20787
0.02322 -0.50000 0.17678
0.02322 0.50000 0.17678
-0.05000 0.50000 -0.00000
-0.05000 -0.50000 -0.00000
-0.04520 -0.50000 -0.04877
-0.04520 0.50000 -0.04877
-0.04520 0.50000 0.04877
-0.04520 -0.50000 0.04877
-0.05000 -0.50000 -0.00000
-0.05000 0.50000 -0.00000
0.15000 0.50000 0.24482
0.15000 -0.50000 0.24482
0.10433 -0.50000 0.23097
0.10433 0.50000 0.23097
0.06111 0.50000 -0.20787
0.02322 0.50000 -0.17678
0.02322 -0.50000 -0.17678
0.06111 -0.50000 -0.20787
-0.00787 0.50000 0.13889
-0.00787 -0.50000 0.13889
-0.03097 -0.50000 0.09567
-0.03097 0.50000 0.09567
0.10433 0.50000 0.23097
0.10433 -0.50000 0.23097
0.06111 -0.50000 0.20787
0.06111 0.50000 0.20787
-0.00787 0.50000 -0.13889
-0.00787 -0.50000 -0.13889
0.02322 -0.50000 -0.17678
0.02322 0.50000 -0.17678
-0.03097 0.50000 -0.09567
-0.03097 -0.50000 -0.09567
-0.00787 -0.50000 -0.13889
-0.00787 0.50000 -0.13889
0.10433 -0.50000 -0.23097
0.15000 -0.50000 -0.24482
0.15000 0.50000 -0.24482
0.10433 0.50000 -0.23097
0.06111 0.50000 -0.20787
0.06111 -0.50000 -0.20787
0.10433 -0.50000 -0.23097
0.10433 0.50000 -0.23097
-0.15000 -0.50000 0.25000
-0.00787 -0.50000 0.13889
0.02322 -0.50000 0.17678
-0.15000 -0.50000 -0.25000
-0.05000 -0.50000 -0.00000
-0.04520 -0.50000 0.04877
-0.15000 -0.50000 0.25000
-0.03097 -0.50000 0.09567
-0.00787 -0.50000 0.13889
-0.15000 -0.50000 0.25000
0.06111 -0.50000 0.20787
0.10433 -0.50000 0.23097
-0.15000 -0.50000 -0.25000
-0.03097 -0.50000 -0.09567
-0.04520 -0.50000 -0.04877
0.06111 -0.50000 0.20787
-0.15000 -0.50000 0.25000
0.02322 -0.50000 0.17678
-0.15000 -0.50000 -0.25000
-0.00787 -0.50000 -0.13889
-0.03097 -0.50000 -0.09567
-0.04520 -0.50000 -0.04877
-0.05000 -0.50000 -0.00000
-0.15000 -0.50000 -0.25000
-0.15000 -0.50000 -0.25000
0.06111 -0.50000 -0.20787
0.02322 -0.50000 -0.17678
-0.04520 0.50000 -0.04877
-0.03097 0.50000 -0.09567
-0.15000 0.50000 -0.25000
-0.15000 0.50000 -0.25000
-0.04520 0.50000 0.04877
-0.05000 0.50000 -0.00000
-0.15000 0.50000 -0.25000
-0.05000 0.50000 -0.00000
-0.04520 0.50000 -0.04877
-0.15000 0.50000 0.25000
0.02322 0.50000 0.17678
-0.00787 0.50000 0.13889
0.02322 -0.50000 -0.17678
-0.00787 -0.50000 -0.13889
-0.15000 -0.50000 -0.25000
0.02322 0.50000 -0.17678
0.06111 0.50000 -0.20787
-0.15000 0.50000 -0.25000
-0.15000 0.50000 0.25000
-0.00787 0.50000 0.13889
-0.03097 0.50000 0.09567
-0.15000 0.50000 0.25000
0.10433 0.50000 0.23097
0.06111 0.50000 0.20787
-0.15000 0.50000 0.25000
0.06111 0.50000 0.20787
0.02322 0.50000 0.17678
-0.15000 0.50000 -0.25000
-0.03097 0.50000 -0.09567
-0.00787 0.50000 -0.13889
-0.15000 0.50000 -0.25000
-0.00787 0.50000 -0.13889
0.02322 0.50000 -0.17678
-0.15000 0.50000 -0.25000
0.06111 0.50000 -0.20787
0.10433 0.50000 -0.23097
-0.15000 -0.50000 -0.25000
0.10433 -0.50000 -0.23097
0.06111 -0.50000 -0.20787
0.15000 -0.50000 -0.24482
0.10433 -0.50000 -0.23097
-0.15000 -0.50000 -0.25000
0.15000 -0.50000 -0.25000
0.15000 0.50000 0.24482
0.10433 0.50000 0.23097
-0.15000 0.50000 0.25000
0.15000 0.50000 0.25000
-0.15000 0.50000 -0.25000
0.10433 0.50000 -0.23097
0.15000 0.50000 -0.24482
0.15000 0.50000 -0.25000
-0.03097 0.50000 0.09567
-0.04520 0.50000 0.04877
-0.15000 0.50000 -0.25000
-0.15000 0.50000 0.25000
-0.15000 -0.50000 0.25000
0.10433 -0.50000 0.23097
0.15000 -0.50000 0.24482
0.15000 -0.50000 0.25000
-0.03097 -0.50000 0.09567
-0.15000 -0.50000 0.25000
-0.15000 -0.50000 -0.25000
-0.04520 -0.50000 0.04877
-0.15000 -0.50000 0.25000
0.15000 -0.50000 0.25000
0.15000 0.50000 0.25000
-0.15000 0.50000 0.25000
-0.15000 -0.50000 -0.25000
-0.15000 0.50000 -0.25000
0.15000 0.50000 -0.25000
0.15000 -0.50000 -0.25000
-0.15000 -0.50000 0.25000
-0.15000 0.50000 0.25000
-0.15000 0.50000 -0.25000
-0.15000 -0.50000 -0.25000

0.77301 -0.00000 -0.63439
0.77301 -0.00000 -0.63439
0.77301 -0.00000 -0.63439
0.77301 -0.00000 -0.63439
1.00000 -0.00000 0.00000
1.00000 -0.00000 0.00000
1.00000 -0.00000 0.00000
1.00000 -0.00000 0.00000
1.00000 -0.00000 0.00000
1.00000 -0.00000 0.00000
1.00000 -0.00000 0.00000
1.00000 -0.00000 0.00000
0.95694 0.00000 0.29029
0.95694 0.00000 0.29029
0.95694 0.00000 0.29029
0.95694 0.00000 0.29029
0.95694 -0.00000 -0.29028
0.95694 -0.00000 -0.29028
0.95694 -0.00000 -0.29028
0.95694 -0.00000 -0.29028
0.63439 -0.00000 -0.77301
0.63439 -0.00000 -0.77301
0.63439 -0.00000 -0.77301
0.63439 -0.00000 -0.77301
0.99518 -0.00000 0.09802
0.99518 -0.00000 0.09802
0.99518 -0.00000 0.09802
0.99518 -0.00000 0.09802
0.99518 -0.00000 -0.09802
0.99518 -0.00000 -0.09802
0.99518 -0.00000 -0.09802
0.99518 -0.00000 -0.09802
0.29028 -0.00000 -0.95694
0.29028 -0.00000 -0.95694
0.29028 -0.00000 -0.95694
0.29028 -0.00000 -0.95694
0.63439 0.00000 0.77301
0.63439 0.00000 0.77301
0.63439 0.00000 0.77301
0.63439 0.00000 0.77301
0.88192 -0.00000 -0.47140
0.88192 -0.00000 -0.47140
0.88192 -0.00000 -0.47140
0.88192 -0.00000 -0.47140
0.47139 -0.00000 -0.88192
0.47139 -0.00000 -0.88192
0.47139 -0.00000 -0.88192
0.47139 -0.00000 -0.88192
0.77301 0.00000 0.63439
0.77301 0.00000 0.63439
0.77301 0.00000 0.63439
0.77301 0.00000 0.63439
0.88192 0.00000 0.47140
0.88192 0.00000 0.47140
0.88192 0.00000 0.47140
0.88192 0.00000 0.47140
0.29028 0.00000 0.95694
0.29028 0.00000 0.95694
0.29028 0.00000 0.95694
0.29028 0.00000 0.95694
0.47140 0.00000 0.88192
0.47140 0.00000 0.88192
0.47140 0.00000 0.88192
0.47140 0.00000 0.88192
-0.00000 -1.00000 0.00000
-0.00000 -1.00000 0.00000
-0.00000 -1.00000 0.00000
-0.00000 -1.00000 0.00000
-0.00000 -1.00000 0.00000
-0.00000 -1.00000 0.00000
-0.00000 -1.00000 0.00000
-0.00000 -1.00000 0.00000
-0.00000 -1.00000 0.00000
-0.00000 -1.00000 0.00000
-0.00000 -1.00000 0.00000
-0.00000 -1.00000 0.00000
-0.00000 -1.00000 0.00000
-0.00000 -1.00000 0.00000
-0.00000 -1.00000 0.00000
-0.00000 -1.00000 0.00000
-0.00000 -1.00000 0.00000
-0.00000 -1.00000 0.00000
-0.00000 -1.00000 0.00000
-0.00000 -1.00000 0.00000
-0.00000 -1.00000 0.00000
-0.00000 -1.00000 0.00000
-0.00000 -1.00000 0.00000
-0.00000 -1.00000 0.00000
-0.00000 -1.00000 0.00000
-0.00000 -1.00000 0.00000
-0.00000 -1.00000 0.00000
-0.00000 1.00000 0.00000
-0.00000 1.00000 0.00000
-0.00000 1.00000 0.00000
-0.00000 1.00000 0.00000
-0.00000 1.00000 0.00000
-0.00000 1.00000 0.00000
-0.00000 1.00000 0.00000
-0.00000 1.00000 0.00000
-0.00000 1.00000 0.00000
-0.00000 1.00000 0.00000
-0.00000 1.00000 0.00000
-0.00000 1.00000 0.00000
-0.00000 -1.00000 0.00000
-0.00000 -1.00000 0.00000
-0.00000 -1.00000 0.00000
-0.00000 1.00000 0.00000
-0.00000 1.00000 0.00000
-0.00000 1.00000 0.00000
-0.00000 1.00000 0.00000
-0.00000 1.00000 0.00000
-0.00000 1.00000 0.00000
-0.00000 1.00000 0.00000
-0.00000 1.00000 0.00000
-0.00000 1.00000 0.00000
-0.00000 1.00000 0.00000
-0.00000 1.00000 0.00000
-0.00000 1.00000 0.00000
-0.00000 1.00000 0.00000
-0.00000 1.00000 0.00000
-0.00000 1.00000 0.00000
-0.00000 1.00000 0.00000
-0.00000 1.00000 0.00000
-0.00000 1.00000 0.00000
-0.00000 1.00000 0.00000
-0.00000 1.00000 0.00000
-0.00000 1.00000 0.00000
-0.00000 -1.00000 0.00000
-0.00000 -1.00000 0.00000
-0.00000 -1.00000 0.00000
-0.00000 -1.00000 0.00000
-0.00000 -1.00000 0.00000
-0.00000 -1.00000 0.00000
-0.00000 -1.00000 0.00000
-0.00000 1.00000 0.00000
-0.00000 1.00000 0.00000
-0.00000 1.00000 0.00000
-0.00000 1.00000 0.00000
-0.00000 1.00000 0.00000
-0.00000 1.00000 0.00000
-0.00000 1.00000 0.00000
-0.00000 1.00000 0.00000
-0.00000 1.00000 0.00000
-0.00000 1.00000 0.00000
-0.00000 1.00000 0.00000
-0.00000 1.00000 0.00000
-0.00000 -1.00000 0.00000
-0.00000 -1.00000 0.00000
-0.00000 -1.00000 0.00000
-0.00000 -1.00000 0.00000
-0.00000 -1.00000 0.00000
-0.00000 -1.00000 0.00000
-0.00000 -1.00000 0.00000
-0.00000 -1.00000 0.00000
-0.00000 0.00000 1.00000
-0.00000 0.00000 1.00000
-0.00000 0.00000 1.00000
-0.00000 0.00000 1.00000
0.00000 -0.00000 -1.00000
0.00000 -0.00000 -1.00000
0.00000 -0.00000 -1.00000
0.00000 -0.00000 -1.00000
-1.00000 0.00000 -0.00000
-1.00000 0.00000 -0.00000
-1.00000 0.00000 -0.00000
-1.00000 0.00000 -0.00000

0.00000 0.77778
0.00000 0.85355
-2.00000 0.85355
-2.00000 0.77779
0.00000 0.01035
-2.00000 0.01035
-2.00000 0.00000
0.00000 0.00000
0.00000 0.98965
2.00000 0.98965
2.00000 1.00000
0.00000 1.00000
0.00000 0.30866
0.00000 0.40245
-2.00000 0.40245
-2.00000 0.30866
0.00000 0.69134
0.00000 0.59755
2.00000 0.59754
2.00000 0.69134
0.00000 0.37778
-2.00000 0.37779
-2.00000 0.45355
0.00000 0.45355
0.00000 0.50000
-2.00000 0.50000
-2.00000 0.40245
0.00000 0.40245
0.00000 0.59754
-2.00000 0.59755
-2.00000 0.50000
0.00000 0.50000
2.00000 0.20000
0.00000 0.20000
0.00000 0.29134
2.00000 0.29134
0.00000 0.37778
0.00000 0.45355
-2.00000 0.45355
-2.00000 0.37779
0.00000 0.77778
-2.00000 0.77779
-2.00000 0.69134
0.00000 0.69134
0.00000 0.29134
-2.00000 0.29134
-2.00000 0.37779
0.00000 0.37778
0.00000 0.22221
-2.00000 0.22221
-2.00000 0.14645
0.00000 0.14645
0.00000 0.30866
-2.00000 0.30866
-2.00000 0.22221
0.00000 0.22221
0.00000 0.29134
0.00000 0.20000
2.00000 0.20000
2.00000 0.29134
0.00000 0.37778
-2.00000 0.37779
-2.00000 0.29134
0.00000 0.29134
1.50000 0.80000
1.27779 0.51573
1.35355 0.45355
0.50000 0.80000
1.00000 0.60000
1.09755 0.59039
1.50000 0.80000
1.19134 0.56194
1.27779 0.51573
1.50000 0.80000
1.41573 0.37779
1.46194 0.29134
0.50000 0.80000
0.80866 0.56194
0.90245 0.59039
1.41573 0.37779
1.50000 0.80000
1.35355 0.45355
0.50000 0.80000
0.72221 0.51573
0.80866 0.56194
0.90245 0.59039
1.00000 0.60000
0.50000 0.80000
0.50000 0.80000
0.58427 0.37779
0.64645 0.45355
0.90245 0.59039
0.80866 0.56194
0.50000 0.80000
0.50000 0.80000
1.09754 0.59039
1.00000 0.60000
0.50000 0.80000
1.00000 0.60000
0.90245 0.59039
1.50000 0.80000
1.35355 0.45355
1.27778 0.51574
0.64645 0.45355
0.72221 0.51573
0.50000 0.80000
0.64645 0.45355
0.58426 0.37778
0.50000 0.80000
1.50000 0.80000
1.27778 0.51574
1.19134 0.56194
1.50000 0.80000
1.46194 0.29134
1.41574 0.37778
1.50000 0.80000
1.41574 0.37778
1.35355 0.45355
0.50000 0.80000
0.80866 0.56194
0.72221 0.51573
0.50000 0.80000
0.72221 0.51573
0.64645 0.45355
0.50000 0.80000
0.58426 0.37778
0.53806 0.29134
0.50000 0.80000
0.53806 0.29134
0.58427 0.37779
0.51035 0.20000
0.53806 0.29134
0.50000 0.80000
0.50000 0.20000
1.48965 0.20000
1.46194 0.29134
1.50000 0.80000
1.50000 0.20000
0.50000 0.80000
0.53806 0.29134
0.51035 0.20000
0.50000 0.20000
1.19134 0.56194
1.09754 0.59039
0.50000 0.80000
1.50000 0.80000
1.50000 0.80000
1.46194 0.29134
1.48965 0.20000
1.50000 0.20000
1.19134 0.56194
1.50000 0.80000
0.50000 0.80000
1.09755 0.59039
0.00000 0.80000
0.00000 0.20000
2.00000 0.20000
2.00000 0.80000
0.00000 0.80000
2.00000 0.80000
2.00000 0.20000
0.00000 0.20000
0.00000 1.00000
2.00000 1.00000
2.00000 -0.00000
0.00000 0.00000

72
0 1 2
0 2 3
4 5 6
4 6 7
8 9 10
8 10 11
12 13 14
12 14 15
16 17 18
16 18 19
20 21 22
20 22 23
24 25 26
24 26 27
28 29 30
28 30 31
32 33 34
32 34 35
36 37 38
36 38 39
40 41 42
40 42 43
44 45 46
44 46 47
48 49 50
48 50 51
52 53 54
52 54 55
56 57 58
56 58 59
60 61 62
60 62 63
64 65 66
67 68 69
70 71 72
73 74 75
76 77 78
79 80 81
82 83 84
85 86 87
88 89 90
91 92 93
94 95 96
97 98 99
100 101 102
103 104 105
106 107 108
109 110 111
112 113 114
115 116 117
118 119 120
121 122 123
124 125 126
127 128 129
130 131 132
130 132 133
134 135 136
134 136 137
138 139 140
138 140 141
142 143 144
142 144 145
146 147 148
146 148 149
150 151 152
150 152 153
154 155 156
154 156 157
158 159 160
158 160 161
162 163 164
162 164 165

